Sample,meanrr,sdnn,meanhr,sdhr,rmssd,nn50,pnn50,sdann,sdnni,hrvtri,tinn,vlfpeakfft,lfpeakfft,hfpeakfft,vlfpowfft,lfpowfft,hfpowfft,vlfpowprfft,lfpowprfft,hfpowprfft,lfpownufft,hfpownufft,totpowfft,lfhffft,vlfpeakar,lfpeakar,hfpeakar,vlfpowar,lfpowar,hfpowar,vlfpowprar,lfpowprar,hfpowprar,lfpownuar,hfpownuar,totpowar,lfhfar,edr,sd1,sd2,apen,sampen,d2,dfa1,dfa2,rplmean,rplmax,rprec,rpadet,rpshen,mse-1,mse-2,mse-3,mse-4,mse-5,mse-6,mse-7,mse-8,mse-9,mse-10,mse-11,mse-12,mse-13,mse-14,mse-15,mse-16,mse-17,mse-18,mse-19,mse-20,
1,591.973467,85.847573,103.276542,13.622854,26.182865,50.000000,9.900990,,,14.457143,460.000000,0.003906,0.070312,0.398438,1159.018618,299.800780,144.566396,72.064841,18.640853,8.988772,66.729003,32.177273,1608.299690,2.073793,0.000000,0.042969,0.152344,6728.506530,328.869583,127.194263,93.640264,4.576860,1.770156,71.966201,27.833793,7185.484357,2.585569,0.360724,18.548797,118.227682,0.530666,0.266071,1.601188,1.427813,1.269311,57.053736,496.000000,55.163172,99.738731,4.076371,0.266071,0.330900,0.373554,0.427362,0.452751,0.492892,0.554354,0.509281,0.656449,0.548530,0.490573,0.643762,0.508671,0.735256,0.391978,0.411770,0.533401,0.484135,0.652325,0.411318,
2,563.932720,71.171038,108.106720,13.664152,23.388056,42.000000,7.909605,,,15.200000,365.000000,0.003906,0.070312,0.343750,2061.876874,247.705882,101.522463,85.396127,10.259159,4.204725,70.249580,28.791849,2414.485219,2.439912,0.000000,0.042969,0.152344,3690.305952,139.731742,76.300437,94.450201,3.576314,1.952844,64.440420,35.187654,3907.144612,1.831336,0.375180,16.555556,99.185582,0.520458,0.254768,1.398564,0.952041,0.933924,58.689189,522.000000,47.743384,99.768745,4.304469,0.254768,0.312095,0.376670,0.408274,0.489086,0.544186,0.519698,0.521439,0.633046,0.598431,0.610914,0.617099,0.782847,0.829404,0.696620,0.583130,0.848488,0.525102,0.745500,0.568944,
3,543.049983,73.430443,112.471480,14.801408,21.529009,38.000000,6.884058,,,13.825000,265.000000,0.003906,0.070312,0.343750,1828.079099,161.519323,52.533003,89.457036,7.903947,2.570702,74.968927,24.383106,2043.527459,3.074626,0.000000,0.042969,0.152344,3896.815174,114.161563,65.530466,95.575614,2.799995,1.607239,63.285503,36.326837,4077.206509,1.742114,0.387735,15.239289,102.639048,0.406465,0.178914,1.139043,0.891240,0.955423,68.474952,543.000000,48.125270,99.813228,4.416840,0.178914,0.206029,0.236568,0.276403,0.324511,0.313277,0.349916,0.373363,0.399825,0.393399,0.433219,0.372789,0.523961,0.450569,0.679624,0.607506,0.692106,0.658056,0.479333,0.614706,
4,521.723429,73.636962,117.191414,15.658640,18.593958,31.000000,5.391304,,,13.395349,275.000000,0.003906,0.062500,0.242188,1371.969457,82.454947,18.900072,93.101201,5.595354,1.282550,81.106208,18.590918,1473.632386,4.362679,0.000000,0.042969,0.152344,4117.085502,95.116392,44.362826,96.711316,2.234307,1.042093,67.939239,31.687247,4257.087649,2.144056,0.395959,13.161994,103.201602,0.304662,0.149462,0.976329,0.950625,1.016898,82.762437,566.000000,50.783075,99.865247,4.532336,0.149462,0.150592,0.169724,0.188548,0.203994,0.236527,0.250808,0.282171,0.207672,0.263369,0.295034,0.234198,0.294242,0.331299,0.370085,0.369469,0.327369,0.231672,0.352674,0.312285,
5,499.860840,68.015848,122.124586,15.524445,14.055442,15.000000,2.504174,,,12.500000,240.000000,0.003906,0.082031,0.246094,1062.085887,40.175485,5.594764,95.865330,3.626294,0.504991,87.704575,12.213578,1107.893629,7.180908,0.000000,0.042969,0.152344,5865.232129,67.539626,29.303078,98.369739,1.132752,0.491462,69.482892,30.146193,5962.435375,2.304865,0.404836,9.951153,95.466162,0.249880,0.144764,0.939513,0.895493,1.182734,89.001957,590.000000,52.119067,99.932982,4.664998,0.144764,0.133251,0.145405,0.149844,0.162856,0.187931,0.191706,0.251898,0.211004,0.235475,0.238890,0.243390,0.216419,0.258099,0.217382,0.283984,0.265716,0.341968,0.247278,0.237302,
6,479.807308,59.381506,126.847328,14.647617,8.543994,3.000000,0.480000,,,9.484848,220.000000,0.003906,0.042969,0.328125,826.529129,28.250198,3.076761,96.345423,3.293020,0.358647,90.106746,9.813627,857.881052,9.181798,0.000000,0.042969,0.152344,23978.240561,54.930618,16.251581,99.703490,0.228406,0.067575,77.031343,22.790224,24049.549999,3.380017,0.418983,6.052471,83.494169,0.203092,0.142243,0.851593,1.007112,1.271923,101.850251,616.000000,53.268153,99.948714,4.857112,0.142243,0.121442,0.122782,0.122203,0.127637,0.148691,0.155550,0.163831,0.167080,0.183854,0.191086,0.165189,0.180131,0.173339,0.166429,0.220359,0.224257,0.206721,0.207714,0.235879,
7,461.626352,50.681397,131.467802,13.676989,4.571555,0.000000,0.000000,,,8.904110,175.000000,0.003906,0.042969,0.328125,610.310069,21.353151,2.656919,96.209965,3.366135,0.418840,88.815404,11.051077,634.352240,8.036810,0.000000,0.042969,0.152344,2149.038288,16.828794,3.955691,99.040955,0.775575,0.182303,80.869505,19.008778,2169.848103,4.254324,0.433399,3.240311,71.498329,0.222664,0.176107,0.786615,1.208925,1.401462,110.497477,640.000000,53.326876,99.952535,4.912550,0.176107,0.140965,0.141249,0.128893,0.122173,0.139660,0.164100,0.146693,0.148334,0.140919,0.129720,0.176158,0.173537,0.207757,0.149982,0.148720,0.152841,0.190921,0.171079,0.095689,
8,445.472604,45.984080,136.053009,13.307080,4.387131,0.000000,0.000000,,,9.361111,185.000000,0.003906,0.042969,0.328125,467.788348,13.651474,2.638395,96.629721,2.819947,0.545006,83.671008,16.170937,484.104004,5.174159,0.000000,0.042969,0.152344,27209.902960,13.194859,2.986272,99.940493,0.048464,0.010968,81.442228,18.432076,27226.104455,4.418506,0.447436,3.109914,64.808721,0.226639,0.177901,0.850506,1.151736,1.456921,124.137824,664.000000,54.207700,99.944101,4.946148,0.177901,0.131759,0.128048,0.120369,0.124003,0.140460,0.155573,0.155953,0.140106,0.180242,0.137896,0.161753,0.168496,0.145040,0.147095,0.166838,0.162372,0.153954,0.145088,0.118824,
9,430.179985,39.904626,140.636351,12.576500,4.176880,0.000000,0.000000,,,9.293333,175.000000,0.003906,0.042969,0.312500,334.832397,6.614141,2.736282,97.279673,1.921623,0.794979,70.639390,29.223641,344.195645,2.417200,0.000000,0.042969,0.152344,1074.943615,9.040688,2.255567,98.958389,0.832278,0.207646,79.902984,19.935043,1086.258195,4.008167,0.463843,2.959628,56.241511,0.247068,0.192104,0.902943,0.926243,1.538448,133.749733,687.000000,52.889231,99.905731,4.863376,0.192104,0.138353,0.136709,0.129542,0.124479,0.130539,0.138190,0.161179,0.150440,0.138631,0.142095,0.125531,0.154749,0.178565,0.159849,0.192967,0.158119,0.121093,0.165168,0.167298,
10,417.809617,35.825670,144.628016,11.977659,4.037453,0.000000,0.000000,,,6.353982,135.000000,0.003906,0.054688,0.312500,216.667780,2.875043,2.691675,97.492461,1.293663,1.211154,51.590921,48.300494,222.240548,1.068124,0.000000,0.042969,0.152344,3609.345106,6.306277,1.930734,99.771859,0.174322,0.053371,76.409756,23.393667,3617.598341,3.266258,0.481142,2.859864,50.490078,0.257974,0.172016,0.849194,0.895452,1.445713,133.653040,708.000000,50.795634,99.870761,4.792613,0.172016,0.120775,0.112704,0.107153,0.123671,0.109767,0.117355,0.127624,0.143092,0.120754,0.157546,0.132832,0.159326,0.193667,0.160343,0.127880,0.187004,0.190860,0.211922,0.191609,
11,406.580152,31.094747,148.412135,11.021631,3.586082,0.000000,0.000000,,,5.857143,110.000000,0.003906,0.054688,0.312500,186.300361,1.487115,2.317157,97.996065,0.782239,1.218850,39.035151,60.822850,190.110043,0.641784,0.000000,0.042969,0.152344,21317.184574,2.842870,1.532875,99.979423,0.013333,0.007189,64.796356,34.938176,21321.571966,1.854600,0.494947,2.540597,43.776835,0.270769,0.183478,0.770799,0.793073,1.525509,152.542056,728.000000,49.211483,99.855466,4.938798,0.183478,0.108184,0.106125,0.100785,0.098152,0.116441,0.120753,0.129339,0.146838,0.127857,0.142847,0.123778,0.162540,0.142716,0.170674,0.195334,0.163775,0.166429,0.127524,0.217437,
12,396.619830,27.996897,152.014528,10.462755,3.354105,0.000000,0.000000,,,5.566176,95.000000,0.003906,0.046875,0.222656,202.249719,1.023598,1.655410,98.690391,0.499478,0.807779,38.139443,61.680899,204.933548,0.618335,0.000000,0.042969,0.324219,3815.239776,1.839888,1.315703,99.917150,0.048185,0.034457,58.159193,41.589629,3818.403313,1.398406,0.512493,2.375022,39.467050,0.266818,0.197005,0.721698,0.710922,1.529366,162.456422,747.000000,50.687752,99.902680,5.005000,0.197005,0.115094,0.107641,0.099025,0.096869,0.106142,0.117834,0.136007,0.133518,0.147142,0.136978,0.176689,0.172707,0.215353,0.177641,0.186948,0.164909,0.200076,0.204493,0.225509,
13,387.563464,25.166293,155.452297,9.867953,3.258440,0.000000,0.000000,,,5.608696,90.000000,0.003906,0.046875,0.222656,183.460611,1.005531,0.925616,98.956818,0.542373,0.499268,51.992226,47.860141,185.394614,1.086337,0.000000,0.042969,0.277344,190236.790885,1.528789,1.090011,99.998621,0.000804,0.000573,58.278355,41.551854,190239.414139,1.402545,0.531161,2.307204,35.450692,0.277891,0.208349,0.687031,0.750179,1.484413,189.829574,764.000000,51.828613,99.885927,5.165534,0.208349,0.110406,0.105991,0.097062,0.123222,0.122826,0.131394,0.134682,0.142677,0.151992,0.176316,0.175260,0.192730,0.192632,0.193209,0.237890,0.202201,0.215389,0.240719,0.265674,
14,379.540398,23.085258,158.657313,9.419447,2.994679,0.000000,0.000000,,,5.064103,85.000000,0.003906,0.050781,0.152344,115.851671,1.139493,0.399055,98.688393,0.970679,0.339936,74.006814,25.917485,117.391385,2.855478,0.000000,0.042969,0.152344,10589.246479,1.335330,0.843446,99.979401,0.012608,0.007963,61.205781,38.659942,10591.428184,1.583183,0.547608,2.120286,32.525095,0.289480,0.239497,0.713592,0.743237,1.492995,173.507073,780.000000,52.362364,99.848461,5.046175,0.239497,0.119037,0.115560,0.121577,0.137254,0.132729,0.154577,0.156205,0.150014,0.191743,0.184610,0.177595,0.217987,0.246549,0.216328,0.216755,0.193465,0.165953,0.241752,0.200112,
15,372.093333,21.409958,161.770546,9.075370,2.784402,0.000000,0.000000,,,5.445946,95.000000,0.003906,0.050781,0.152344,66.882091,1.231199,0.174959,97.940299,1.802935,0.256204,87.533782,12.438912,68.288633,7.037093,0.000000,0.042969,0.152344,4023.841020,1.158318,0.573383,99.956933,0.028774,0.014243,66.812849,33.073234,4025.574695,2.020149,0.553904,1.971260,30.168071,0.311032,0.267699,0.672130,0.714386,1.475908,158.168906,796.000000,51.967148,99.855801,4.800906,0.267699,0.127265,0.118422,0.120626,0.143818,0.147237,0.143426,0.143325,0.173390,0.177381,0.170572,0.187947,0.172481,0.209463,0.190474,0.188939,0.158983,0.204253,0.289830,0.201498,
16,365.025281,18.839243,164.801234,8.335242,2.670295,0.000000,0.000000,,,5.407895,90.000000,0.003906,0.054688,0.156250,62.260099,1.257689,0.120454,97.834030,1.976302,0.189279,91.243273,8.738743,63.638490,10.441236,0.000000,0.042969,0.152344,1179.369481,1.165601,0.299766,99.875796,0.098710,0.025386,79.474070,20.438912,1180.836124,3.888371,0.558513,1.890375,26.525328,0.338096,0.296698,0.347134,0.631172,1.535125,145.278395,812.000000,51.559755,99.838025,4.789515,0.296698,0.111211,0.112846,0.121646,0.137448,0.123759,0.156495,0.155841,0.168576,0.169747,0.181237,0.190766,0.175543,0.159661,0.213218,0.215890,0.328551,0.250753,0.277227,0.279606,
17,358.908913,16.339166,167.515812,7.537780,2.587388,0.000000,0.000000,,,5.128834,60.000000,0.003906,0.054688,0.359375,68.085319,1.234573,0.126802,98.039050,1.777715,0.182588,90.655835,9.311213,69.447143,9.736200,0.000000,0.042969,0.152344,525.565380,0.917312,0.216475,99.784539,0.174162,0.041100,80.832452,19.075492,526.700211,4.237503,0.563092,1.831201,23.010008,0.411735,0.370930,0.120093,0.582445,1.410956,123.214900,826.000000,50.402893,99.795776,4.716852,0.370930,0.139638,0.135850,0.147220,0.140019,0.146627,0.154489,0.160661,0.157038,0.173194,0.146061,0.139788,0.142584,0.170555,0.198073,0.250882,0.178787,0.246575,0.236514,0.237046,
