Sample,meanrr,sdnn,meanhr,sdhr,rmssd,nn50,pnn50,sdann,sdnni,hrvtri,tinn,vlfpeakfft,lfpeakfft,hfpeakfft,vlfpowfft,lfpowfft,hfpowfft,vlfpowprfft,lfpowprfft,hfpowprfft,lfpownufft,hfpownufft,totpowfft,lfhffft,vlfpeakar,lfpeakar,hfpeakar,vlfpowar,lfpowar,hfpowar,vlfpowprar,lfpowprar,hfpowprar,lfpownuar,hfpownuar,totpowar,lfhfar,edr,sd1,sd2,apen,sampen,d2,dfa1,dfa2,rplmean,rplmax,rprec,rpadet,rpshen,mse-1,mse-2,mse-3,mse-4,mse-5,mse-6,mse-7,mse-8,mse-9,mse-10,mse-11,mse-12,mse-13,mse-14,mse-15,mse-16,mse-17,mse-18,mse-19,mse-20,
1,475.103847,56.802526,127.884708,13.558501,5.376519,0.000000,0.000000,,,7.887500,270.000000,0.003906,0.093750,0.152344,593.090840,84.924990,10.930490,86.081594,12.326069,1.586459,88.559487,11.398278,688.986822,7.769550,0.000000,0.042969,0.152344,5868.931390,94.852530,13.215196,98.191447,1.586951,0.221100,87.747000,12.225228,5977.029137,7.177535,0.459356,3.822657,79.603882,0.208567,0.125748,0.867652,1.737075,1.212214,84.594776,621.000000,58.615502,99.973542,4.935504,0.125748,0.161029,0.183881,0.206892,0.232567,0.271801,0.300405,0.351564,0.340884,0.356415,0.395308,0.451305,0.533601,0.431649,0.466831,0.432171,0.514203,0.506690,0.488571,0.484265,
2,455.376725,46.536370,133.101297,13.248568,4.139547,0.000000,0.000000,,,8.135802,185.000000,0.003906,0.093750,0.152344,487.579339,49.251228,6.734027,89.693061,9.060050,1.238763,87.902439,12.018733,543.608759,7.313786,0.000000,0.042969,0.152344,1762.395371,48.549053,9.991341,96.784107,2.666131,0.548687,82.904837,17.061724,1820.955347,4.859113,0.479246,2.934174,65.654375,0.205614,0.143097,0.964981,1.704294,1.331644,75.604571,649.000000,51.698935,99.962459,4.769220,0.143097,0.180632,0.208908,0.241286,0.274866,0.317867,0.348272,0.372928,0.372271,0.441250,0.436821,0.483779,0.436389,0.567844,0.557941,0.577973,0.698974,0.603423,0.705712,0.681635,
3,440.491260,42.034499,137.429788,12.853385,3.634904,0.000000,0.000000,,,8.525000,170.000000,0.003906,0.054688,0.152344,374.707159,25.030891,4.724601,92.632531,6.187965,1.167984,83.990377,15.853253,404.509252,5.297990,0.000000,0.042969,0.152344,1196.751895,35.422623,6.386279,96.622928,2.859939,0.515613,84.686939,15.268051,1238.579623,5.546676,0.506948,2.576131,59.310615,0.194035,0.148215,0.911009,1.439216,1.428840,77.223294,672.000000,49.497383,99.961639,4.740019,0.148215,0.171827,0.194053,0.211800,0.255853,0.272550,0.306501,0.332257,0.373799,0.390894,0.444977,0.447694,0.528379,0.635746,0.647168,0.665268,0.523413,0.781987,0.901705,0.785755,
4,427.844430,38.683333,141.356999,12.449365,3.379375,0.000000,0.000000,,,6.203540,150.000000,0.003906,0.050781,0.292969,278.035052,12.579540,3.533459,94.508269,4.275973,1.201075,77.862040,21.870619,294.191243,3.560120,0.000000,0.042969,0.152344,677.807950,28.373626,4.759016,95.337723,3.990919,0.669384,85.600219,14.357446,710.954625,5.962079,0.536007,2.394075,54.605362,0.191861,0.141565,0.798079,1.447075,1.447986,94.970708,691.000000,48.772094,99.951189,4.878020,0.141565,0.145771,0.148318,0.173758,0.199707,0.221864,0.236588,0.246898,0.278213,0.323023,0.304993,0.382566,0.424295,0.411958,0.407039,0.411337,0.445801,0.491746,0.541646,0.389244,
5,416.986762,34.671149,144.856731,11.679578,3.003036,0.000000,0.000000,,,4.067797,110.000000,0.003906,0.070312,0.281250,360.643852,7.518876,2.790329,97.212656,2.026736,0.752142,72.712097,26.984181,370.984464,2.694619,0.000000,0.042969,0.152344,1207.189364,12.697667,3.018837,98.714050,1.038311,0.246856,80.742717,19.196369,1222.915447,4.206145,0.563510,2.127549,48.937474,0.192448,0.132766,0.696937,1.436683,1.506680,120.138566,710.000000,49.061068,99.980646,5.063136,0.132766,0.121393,0.135008,0.145508,0.156238,0.174326,0.207574,0.208656,0.231021,0.252687,0.269511,0.332056,0.294908,0.322500,0.373626,0.363806,0.386852,0.358791,0.463534,0.409048,
6,407.208674,30.156620,148.126548,10.589231,2.862724,0.000000,0.000000,,,3.838542,95.000000,0.003906,0.042969,0.218750,459.404619,6.237801,2.278884,98.176249,1.333038,0.487005,73.093217,26.703471,467.938654,2.737218,0.000000,0.042969,0.152344,1514.220056,6.704799,1.989855,99.428565,0.440259,0.130660,77.044425,22.865301,1522.922566,3.369491,0.589109,2.028164,42.526992,0.212904,0.167131,0.539922,1.187374,1.659736,130.178674,727.000000,51.155507,99.969017,5.120902,0.167131,0.138123,0.139522,0.171363,0.192366,0.206965,0.237141,0.258202,0.306655,0.325261,0.302827,0.349916,0.376040,0.406301,0.422506,0.532129,0.409914,0.482132,0.551338,0.439428,
7,399.166346,25.980574,150.924069,9.405273,2.899306,0.000000,0.000000,,,3.090535,75.000000,0.003906,0.042969,0.269531,351.025715,5.278337,1.709345,98.046513,1.474315,0.477445,75.470933,24.440625,358.019582,3.087930,0.000000,0.042969,0.152344,1887.606124,4.965936,1.605185,99.652746,0.262168,0.084743,75.497299,24.403689,1894.183758,3.093684,0.609436,2.052964,36.633366,0.277426,0.226933,0.435743,1.134201,1.546483,137.646455,741.000000,53.620288,99.966126,5.271352,0.226933,0.163635,0.172385,0.196858,0.220387,0.262937,0.279489,0.306071,0.338128,0.338668,0.363413,0.402259,0.422375,0.470119,0.422795,0.500877,0.506324,0.479993,0.527333,0.664204,
8,391.916233,23.945750,153.634098,8.865101,2.879160,0.000000,0.000000,,,3.355263,75.000000,0.003906,0.042969,0.324219,163.602470,4.776713,1.048083,96.560904,2.819296,0.618596,81.977820,17.987180,169.429306,4.557569,0.000000,0.042969,0.152344,638.752001,5.012698,1.247155,99.028519,0.777141,0.193352,79.995426,19.902793,645.018232,4.019306,0.626822,2.038263,33.774316,0.315275,0.264723,0.437645,1.063092,1.602841,144.410699,755.000000,58.589485,99.965359,5.181084,0.264723,0.176189,0.179664,0.217362,0.249002,0.279727,0.311784,0.363617,0.358773,0.378619,0.414398,0.463628,0.482016,0.478427,0.445102,0.504608,0.637506,0.622709,0.719158,0.544320,
9,384.472406,20.936972,156.494329,8.041345,2.865956,0.000000,0.000000,,,3.295359,80.000000,0.003906,0.042969,0.324219,47.052404,4.507513,0.514367,90.351116,8.655430,0.987700,89.703952,10.236417,52.077280,8.763218,0.000000,0.042969,0.152344,1075.867914,4.127419,0.939288,99.530761,0.381836,0.086895,81.373425,18.518373,1080.940110,4.394199,0.639208,2.029889,29.428915,0.361666,0.311743,0.421749,1.054786,1.635094,141.491009,771.000000,60.771766,99.929319,4.976397,0.311743,0.188301,0.216247,0.244113,0.292839,0.322003,0.345514,0.398055,0.416402,0.458248,0.514624,0.549677,0.556993,0.627983,0.613696,0.615649,0.716161,0.682692,0.629266,0.829053,
10,377.086404,15.437916,159.375833,6.395615,2.954035,0.000000,0.000000,,,3.486842,65.000000,0.003906,0.042969,0.152344,20.516707,3.944872,0.261731,82.968868,15.952931,1.058432,93.669231,6.214689,24.728199,15.072231,0.000000,0.042969,0.152344,322.338265,2.960152,0.757353,98.858272,0.907852,0.232273,79.515619,20.344008,326.060995,3.908552,0.639603,2.091035,21.669000,0.528132,0.475362,0.090186,0.879680,1.588241,104.758221,785.000000,52.674993,99.857417,4.998296,0.475362,0.296859,0.317326,0.355509,0.433224,0.473494,0.499943,0.540323,0.621394,0.617743,0.687506,0.727144,0.659533,0.764080,0.812535,0.948292,0.941549,0.900320,0.845452,0.935275,
11,371.751447,12.371307,161.577222,5.390354,2.949457,0.000000,0.000000,,,3.508696,55.000000,0.003906,0.042969,0.152344,36.499147,2.957329,0.232857,91.951372,7.450323,0.586631,92.566375,7.288579,39.693967,12.700195,0.000000,0.042969,0.152344,115.481144,2.670580,0.423790,97.386819,2.252136,0.357388,86.183698,13.676349,118.579851,6.301660,0.635487,2.087273,17.339248,0.634787,0.591073,0.016196,0.734016,1.612523,96.691008,797.000000,50.383163,99.872835,5.066003,0.591073,0.352937,0.376512,0.408249,0.457638,0.515668,0.593609,0.596790,0.648149,0.663235,0.789112,0.669832,0.698555,0.750201,0.643840,0.666093,0.819088,0.685307,0.723805,0.780958,
12,368.112538,12.587889,163.184270,5.583859,2.928876,0.000000,0.000000,,,3.899522,50.000000,0.003906,0.042969,0.152344,58.351379,1.927153,0.288422,96.337611,3.181712,0.476182,86.875313,13.001954,60.569676,6.681712,0.000000,0.042969,0.152344,109.789032,2.446104,0.380758,97.488016,2.172037,0.338097,86.466975,13.459355,112.617978,6.424303,0.618324,2.072496,17.672837,0.630052,0.582771,0.015683,0.775245,1.388605,89.226058,805.000000,49.401819,99.865392,4.805014,0.582771,0.356161,0.377028,0.453865,0.514205,0.567728,0.547131,0.563164,0.634472,0.624187,0.699234,0.591661,0.787922,0.589429,0.571669,0.457008,0.562178,0.729860,0.586604,0.641196,
13,364.349180,12.159099,164.859768,5.479290,2.891825,0.000000,0.000000,,,3.487288,55.000000,0.003906,0.113281,0.175781,75.091703,1.321321,0.319865,97.859880,1.721951,0.416849,80.460524,19.477849,76.733901,4.130873,0.000000,0.042969,0.152344,130.255416,2.090818,0.326590,98.176834,1.575903,0.246159,86.437724,13.501747,132.674288,6.401966,0.590116,2.046330,17.058511,0.754714,0.714016,0.005931,0.656304,1.489095,107.987678,813.000000,50.331122,99.862665,5.047515,0.714016,0.394402,0.397236,0.421901,0.459431,0.567234,0.583685,0.587552,0.645665,0.593542,0.739669,0.663071,0.805207,0.718373,0.599170,0.728728,0.585596,0.773462,0.511421,0.776043,
14,360.852755,12.021503,166.455149,5.482173,2.971409,0.000000,0.000000,,,3.555556,45.000000,0.003906,0.078125,0.175781,61.293282,1.319339,0.322918,97.389572,2.096313,0.513088,80.305326,19.655322,62.936186,4.085678,0.000000,0.042969,0.152344,123.956130,1.990855,0.356827,98.140048,1.576224,0.282511,84.745398,15.189178,126.305350,5.579328,0.554087,2.102613,16.855185,0.779077,0.733439,0.009630,0.726112,1.436971,99.818956,822.000000,52.025234,99.824055,4.954394,0.733439,0.407811,0.397012,0.446042,0.469680,0.516111,0.541964,0.504669,0.519817,0.457886,0.617927,0.531589,0.713332,0.476042,0.536704,0.653542,0.759334,0.460603,0.532835,0.683334,
15,357.372989,11.218451,168.054337,5.185576,2.946382,0.000000,0.000000,,,3.647826,45.000000,0.003906,0.078125,0.160156,30.563783,1.558408,0.350742,94.116751,4.798891,1.080058,81.568725,18.358193,32.474328,4.443178,0.000000,0.042969,0.152344,97.842995,1.724859,0.400949,97.872057,1.725371,0.401069,81.081646,18.847716,99.970306,4.301935,0.513821,2.084770,15.724050,0.770367,0.715362,0.005288,0.711521,1.304883,80.381078,829.000000,53.410364,99.748875,4.650515,0.715362,0.413174,0.412380,0.418078,0.433144,0.481527,0.518874,0.450005,0.498918,0.430786,0.438338,0.477304,0.533025,0.461116,0.542434,0.621107,0.444704,0.572216,0.646086,0.624493,
16,353.872047,10.599495,169.701736,4.980927,2.949898,0.000000,0.000000,,,3.039427,50.000000,0.003906,0.078125,0.156250,14.401285,1.648977,0.407463,87.495162,10.018377,2.475546,80.116003,19.796706,16.459521,4.046936,0.000000,0.042969,0.152344,91.741867,1.629181,0.469745,97.761476,1.736079,0.500567,77.554629,22.361456,93.842556,3.468228,0.479206,2.087332,14.827237,0.772169,0.708949,0.012419,0.695770,1.395179,76.538338,838.000000,54.330529,99.704532,4.461275,0.708949,0.430333,0.388093,0.400476,0.472640,0.456737,0.408894,0.451923,0.419111,0.491017,0.482610,0.445468,0.488697,0.525427,0.503541,0.529857,0.468719,0.483397,0.494536,0.519709,
17,350.188817,8.898509,171.445637,4.316215,2.916920,0.000000,0.000000,,,3.334630,45.000000,0.003906,0.078125,0.160156,14.705699,1.453428,0.434359,88.614666,8.758171,2.617390,76.925025,22.989132,16.595108,3.346147,0.000000,0.042969,0.152344,66.556091,1.349317,0.448861,97.367069,1.973959,0.656653,74.971910,24.940009,68.355854,3.006090,0.453184,2.064026,12.381741,0.941540,0.906501,0.001473,0.668618,1.404617,61.152731,847.000000,50.669444,99.558685,4.389525,0.906501,0.490475,0.556869,0.504770,0.535584,0.582547,0.551133,0.498775,0.540128,0.574785,0.504138,0.446368,0.611220,0.621793,0.591152,0.485235,0.635648,0.553879,0.560157,0.515145,
18,347.209224,8.094055,172.900049,4.020151,2.974810,0.000000,0.000000,,,3.456000,40.000000,0.003906,0.078125,0.164062,15.365424,1.112175,0.432228,90.859481,6.576564,2.555867,71.949569,27.961944,16.911194,2.573125,0.000000,0.042969,0.152344,43.500491,1.120236,0.464936,96.480821,2.484599,1.031193,70.601656,29.302095,45.087190,2.409441,0.426293,2.104856,11.235650,0.972685,0.925729,0.000000,0.644590,1.145202,59.778382,854.000000,48.352656,99.509435,4.234529,0.925729,0.584916,0.584886,0.545421,0.599179,0.658422,0.688691,0.582349,0.537452,0.494939,0.554525,0.580037,0.596542,0.483346,0.564020,0.680369,0.611635,0.633874,0.687990,0.564909,
19,344.729369,7.740725,174.136996,3.898623,2.992276,0.000000,0.000000,,,3.096085,40.000000,0.003906,0.136719,0.152344,13.616356,0.781366,0.461267,91.627337,5.257973,3.103961,62.799297,37.072563,14.860583,1.693956,0.000000,0.042969,0.152344,42.041377,1.029108,0.513860,96.456105,2.361096,1.178956,66.624314,33.267241,43.586020,2.002700,0.393930,2.117120,10.739376,0.989959,0.930945,0.000000,0.590228,1.022493,61.625919,860.000000,47.681908,99.549616,4.260651,0.930945,0.595479,0.586413,0.588313,0.592628,0.609707,0.668162,0.680267,0.510952,0.464802,0.501548,0.548368,0.521060,0.552990,0.556652,0.577664,0.625343,0.650135,0.573060,0.644952,
20,342.307984,7.693185,175.368811,3.923842,3.021793,0.000000,0.000000,,,2.923333,35.000000,0.003906,0.136719,0.152344,13.311083,0.583991,0.506935,92.411278,4.054314,3.519363,53.425522,46.376233,14.404176,1.152002,0.000000,0.042969,0.152344,44.259757,0.858500,0.516207,96.983942,1.881183,1.131135,62.372263,37.503765,45.636170,1.663093,0.367091,2.138050,10.656629,1.000391,0.947356,0.000000,0.629449,1.011485,65.740847,867.000000,48.870224,99.486149,4.187819,0.947356,0.609729,0.585195,0.554256,0.609772,0.560638,0.551669,0.466222,0.454632,0.490482,0.461741,0.484913,0.447955,0.528625,0.438385,0.549690,0.512384,0.554825,0.683293,0.685774,
21,339.730942,7.314067,176.691964,3.796230,3.208257,0.000000,0.000000,,,2.515670,30.000000,0.003906,0.136719,0.285156,12.915540,0.528057,0.507324,92.560696,3.784382,3.635796,50.870105,48.872798,13.953590,1.040867,0.000000,0.042969,0.152344,35.312319,0.751944,0.511989,96.539590,2.055724,1.399715,59.406931,40.449392,36.578070,1.468673,0.342961,2.269921,10.085759,1.224280,1.281398,0.000000,0.533351,1.009859,61.106954,873.000000,48.617838,99.382304,4.159529,1.281398,0.780978,0.628577,0.559406,0.603192,0.619464,0.528146,0.555293,0.417360,0.384464,0.425797,0.428786,0.465365,0.407630,0.517166,0.454210,0.445102,0.540498,0.600192,0.577093,
22,337.460564,7.203562,177.879265,3.786343,3.346599,0.000000,0.000000,,,3.175000,35.000000,0.003906,0.136719,0.160156,10.166764,0.567221,0.457128,90.823749,5.067209,4.083707,55.220902,44.502995,11.193949,1.240836,0.000000,0.042969,0.152344,53.136499,0.636280,0.515621,97.874615,1.171994,0.949747,55.142704,44.685891,54.290378,1.234007,0.327526,2.367826,9.893318,1.210061,1.271855,0.000000,0.520725,0.897166,55.410425,879.000000,48.133264,99.242375,3.951747,1.271855,0.733059,0.586951,0.577214,0.603280,0.582553,0.557864,0.471835,0.430783,0.448536,0.470605,0.393146,0.398920,0.372944,0.472811,0.436400,0.412380,0.493411,0.558589,0.596489,
