Sample,meanrr,sdnn,meanhr,sdhr,rmssd,nn50,pnn50,sdann,sdnni,hrvtri,tinn,vlfpeakfft,lfpeakfft,hfpeakfft,vlfpowfft,lfpowfft,hfpowfft,vlfpowprfft,lfpowprfft,hfpowprfft,lfpownufft,hfpownufft,totpowfft,lfhffft,vlfpeakar,lfpeakar,hfpeakar,vlfpowar,lfpowar,hfpowar,vlfpowprar,lfpowprar,hfpowprar,lfpownuar,hfpownuar,totpowar,lfhfar,edr,sd1,sd2,apen,sampen,d2,dfa1,dfa2,rplmean,rplmax,rprec,rpadet,rpshen,mse-1,mse-2,mse-3,mse-4,mse-5,mse-6,mse-7,mse-8,mse-9,mse-10,mse-11,mse-12,mse-13,mse-14,mse-15,mse-16,mse-17,mse-18,mse-19,mse-20,
1,408.523539,29.912833,147.595642,9.982869,2.752152,0.000000,0.000000,,,6.264957,130.000000,0.003906,0.054688,0.312500,111.116027,3.526472,2.227928,95.073778,3.017342,1.906274,61.250632,38.696469,116.873473,1.582848,0.000000,0.042969,0.152344,597.364061,12.564849,2.705287,97.505872,2.050921,0.441576,82.229989,17.704608,612.644191,4.644553,0.370459,1.950660,42.155207,0.162994,0.140876,0.751369,1.514321,1.609006,169.535874,723.000000,57.716492,99.972235,5.157997,0.140876,0.143025,0.149941,0.172215,0.184767,0.193501,0.226274,0.253018,0.263377,0.264819,0.318665,0.323732,0.331673,0.373080,0.342650,0.410258,0.393638,0.431846,0.428999,0.405598,
2,398.508829,21.282196,150.989916,8.044226,2.415431,0.000000,0.000000,,,5.496350,85.000000,0.003906,0.050781,0.312500,196.121629,4.299180,1.811813,96.977606,2.125845,0.895899,70.336465,29.642046,202.233936,2.372861,0.000000,0.042969,0.285156,370.736621,3.035233,1.427922,98.809436,0.808956,0.380573,67.947317,31.965752,375.203659,2.125629,0.376953,1.710493,30.008890,0.292269,0.260378,0.697989,1.095868,1.465205,108.979463,743.000000,49.884380,99.930467,4.894329,0.260378,0.206201,0.215744,0.254979,0.266915,0.291507,0.326332,0.343021,0.393067,0.401634,0.434478,0.389101,0.477642,0.429149,0.544278,0.696442,0.628068,0.583088,0.769864,0.693964,
3,392.341963,20.410307,153.336780,7.877510,2.372420,0.000000,0.000000,,,5.275862,75.000000,0.003906,0.042969,0.316406,162.615267,4.634254,1.265659,96.498666,2.750045,0.751064,78.542786,21.450794,168.515559,3.661533,0.000000,0.042969,0.152344,499.222128,2.722419,1.162433,99.227103,0.541117,0.231049,70.011537,29.893888,503.110657,2.342002,0.385006,1.679312,28.805262,0.271092,0.234770,0.652749,1.075743,1.386697,114.719685,755.000000,51.012710,99.942378,5.046526,0.234770,0.187127,0.195821,0.209108,0.244442,0.253480,0.309151,0.321554,0.338058,0.365498,0.403031,0.403342,0.402501,0.415100,0.487227,0.518828,0.526540,0.660856,0.564235,0.698974,
4,387.258695,19.912425,155.332793,7.749223,2.386582,0.000000,0.000000,,,3.974359,60.000000,0.003906,0.042969,0.292969,102.818546,4.032405,0.817308,95.495401,3.745201,0.759096,83.141728,16.851576,107.668584,4.933766,0.000000,0.042969,0.152344,669.776054,2.523921,1.065830,99.466424,0.374820,0.158283,70.246822,29.664612,673.368987,2.368034,0.394464,1.689494,28.088316,0.255024,0.208564,0.585997,1.030138,1.404165,125.097179,765.000000,54.437620,99.947404,4.968828,0.208564,0.140558,0.148099,0.153845,0.172944,0.187824,0.204710,0.219841,0.248679,0.268710,0.298129,0.275484,0.313094,0.321830,0.328955,0.337760,0.326070,0.385127,0.384767,0.375985,
5,381.193789,17.910477,157.735913,7.161267,2.866851,0.000000,0.000000,,,3.712264,65.000000,0.003906,0.042969,0.152344,62.029871,2.948929,0.521985,94.700862,4.502123,0.796914,84.959533,15.038560,65.500851,5.649446,0.000000,0.042969,0.152344,642.716355,2.319935,0.751126,99.523886,0.359239,0.116311,75.452377,24.429226,645.791057,3.088611,0.400957,2.029575,25.190507,0.325376,0.260902,0.474971,0.864666,1.442721,123.717105,777.000000,55.971412,99.912629,4.741867,0.260902,0.170526,0.163431,0.184880,0.210617,0.207456,0.236925,0.232688,0.226579,0.258521,0.263968,0.260562,0.253493,0.305966,0.314940,0.297761,0.319276,0.306839,0.331573,0.338142,
6,374.773560,15.335660,160.360173,6.454319,2.806896,0.000000,0.000000,,,4.790419,55.000000,0.003906,0.062500,0.218750,41.699391,2.063923,0.361165,94.503842,4.677494,0.818512,85.104790,14.892440,44.124546,5.714630,0.000000,0.042969,0.152344,259.970593,2.114901,0.586431,98.970539,0.805141,0.223254,78.209945,21.686470,262.674726,3.606394,0.406285,1.986719,21.557853,0.379604,0.321021,0.099580,0.858276,1.444921,92.534676,790.000000,52.975558,99.832860,4.614424,0.321021,0.212444,0.227061,0.223081,0.234329,0.266852,0.291661,0.278551,0.264560,0.301206,0.301513,0.282649,0.319665,0.276963,0.317839,0.308657,0.277247,0.371649,0.362860,0.309062,
7,369.062548,14.135036,162.811685,6.217827,2.811041,0.000000,0.000000,,,3.345679,55.000000,0.003906,0.058594,0.160156,31.499352,1.607939,0.298775,94.291993,4.813297,0.894369,84.325352,15.668674,33.406180,5.381780,0.000000,0.042969,0.152344,220.174646,1.741076,0.425934,99.024390,0.783056,0.191566,80.263190,19.635464,222.343855,4.087664,0.410879,1.989586,19.847273,0.467375,0.413782,0.059093,0.771708,1.363225,84.794383,803.000000,49.609539,99.791072,4.597793,0.413782,0.236252,0.223443,0.263143,0.301370,0.304372,0.299104,0.294212,0.296518,0.319260,0.379758,0.319500,0.417949,0.337276,0.324809,0.412236,0.341098,0.327534,0.276037,0.312014,
8,364.237640,12.980980,164.937526,5.900166,2.845459,0.000000,0.000000,,,3.305221,50.000000,0.003906,0.085938,0.160156,27.639933,1.354526,0.283001,94.406188,4.626481,0.966611,82.707119,17.280012,29.277671,4.786288,0.000000,0.042969,0.152344,256.495372,1.389790,0.396640,99.307650,0.538087,0.153568,77.718914,22.180641,258.283598,3.503908,0.418486,2.013632,18.224731,0.469631,0.413584,0.033184,0.615303,1.279707,77.332338,813.000000,47.057634,99.703017,4.504568,0.413584,0.269265,0.265554,0.271351,0.283932,0.283880,0.321030,0.299597,0.351822,0.341780,0.375831,0.368169,0.406030,0.460501,0.407643,0.324568,0.362453,0.276794,0.325318,0.403620,
9,359.400730,13.637998,167.186706,6.392691,2.853294,0.000000,0.000000,,,4.113300,55.000000,0.003906,0.085938,0.175781,44.181062,1.145659,0.308080,96.813160,2.510463,0.675091,78.775916,21.183698,45.635389,3.718705,0.000000,0.042969,0.152344,265.173801,1.252021,0.352563,99.397924,0.469309,0.132155,77.948441,21.949871,266.780019,3.551203,0.431688,2.019162,19.160113,0.460805,0.407682,0.041047,0.679763,1.310657,86.710145,825.000000,49.240190,99.730320,4.513749,0.407682,0.214589,0.226989,0.245565,0.264467,0.237509,0.271616,0.285309,0.293614,0.330758,0.342231,0.277326,0.362101,0.274221,0.275488,0.250791,0.294365,0.276259,0.316919,0.303909,
10,354.663605,14.219607,169.448024,6.837427,2.849718,0.000000,0.000000,,,4.572973,55.000000,0.003906,0.085938,0.171875,65.158405,0.935234,0.378154,98.022136,1.406935,0.568883,71.134079,28.762478,66.473154,2.473155,0.000000,0.042969,0.152344,337.496814,1.107286,0.353721,99.568447,0.326672,0.104355,75.696798,24.181264,338.959605,3.130390,0.444686,2.016705,19.981204,0.454080,0.406764,0.054815,0.598494,1.437213,102.528416,836.000000,48.559956,99.696645,4.468636,0.406764,0.218509,0.208527,0.193101,0.202179,0.237556,0.225392,0.216598,0.229693,0.217897,0.272397,0.286655,0.297595,0.213121,0.238080,0.197304,0.174701,0.260703,0.236883,0.274015,
11,350.086261,14.529377,171.682674,7.153737,3.617989,1.000000,0.116822,,,4.440415,60.000000,0.003906,0.054688,0.152344,62.420323,0.802037,0.461065,98.012949,1.259365,0.723968,63.378621,36.434318,63.685792,1.739531,0.000000,0.042969,0.152344,569.060534,0.857469,0.389119,99.781055,0.150352,0.068230,68.670782,31.162785,570.309200,2.203615,0.458086,2.560106,20.366737,0.458292,0.405489,0.067540,0.535717,1.239094,102.871515,838.000000,47.334739,99.732656,4.472469,0.405489,0.216412,0.195498,0.174201,0.169300,0.173786,0.171624,0.167145,0.171042,0.173407,0.163913,0.169932,0.224437,0.246688,0.195765,0.185932,0.207829,0.202175,0.208255,0.257640,
12,345.717188,14.637153,173.861983,7.328907,3.623486,1.000000,0.115340,,,4.113744,70.000000,0.003906,0.054688,0.152344,46.533988,0.747109,0.503199,97.377666,1.563411,1.053002,59.619063,40.155135,47.787126,1.484718,0.000000,0.042969,0.152344,334.283021,0.714600,0.386068,99.671185,0.213068,0.115112,64.798862,35.008031,335.385819,1.850971,0.473418,2.563899,20.527909,0.454270,0.405534,0.077041,0.447887,1.173192,109.054624,849.000000,47.739676,99.747915,4.538727,0.405534,0.204879,0.186135,0.184450,0.161181,0.160798,0.157172,0.162576,0.177645,0.200781,0.191494,0.154680,0.149576,0.186304,0.193337,0.186785,0.241827,0.225978,0.200881,0.243326,
13,341.908228,13.517343,175.755754,6.843462,3.696011,1.000000,0.114155,,,2.972881,60.000000,0.003906,0.054688,0.187500,41.424232,0.649421,0.481817,97.337157,1.525987,1.132156,57.306684,42.516814,42.557470,1.347859,0.000000,0.042969,0.152344,1133.355907,0.584567,0.379326,99.914833,0.051534,0.033441,60.510250,39.265111,1134.321970,1.541069,0.490150,2.615214,18.914547,0.487971,0.452321,0.049581,0.499327,1.234493,121.609073,858.000000,48.512126,99.748839,4.652478,0.452321,0.218380,0.178942,0.157142,0.176565,0.138936,0.202623,0.168524,0.177944,0.200907,0.210962,0.219149,0.185174,0.211540,0.237894,0.256143,0.262781,0.284491,0.299324,0.281558,
14,338.201650,11.448568,177.608434,5.902645,3.722032,1.000000,0.112867,,,2.346561,55.000000,0.003906,0.050781,0.187500,43.019270,0.493426,0.431261,97.893155,1.122823,0.981362,53.294047,46.579675,43.945126,1.144148,0.000000,0.042969,0.152344,309.210458,0.499451,0.381960,99.715035,0.161064,0.123176,56.520704,43.224802,310.094118,1.307599,0.506300,2.633519,15.956764,0.621841,0.568246,0.008745,0.357680,1.209065,108.400673,574.000000,50.233239,99.767586,5.182842,0.568246,0.257089,0.210029,0.181450,0.143710,0.149980,0.154908,0.171149,0.174139,0.205284,0.254966,0.234949,0.264251,0.227664,0.245647,0.277109,0.282598,0.287539,0.328259,0.310879,
15,335.003989,9.404154,179.241016,4.947016,3.420289,1.000000,0.111732,,,2.031746,40.000000,0.003906,0.050781,0.257812,35.345206,0.333051,0.398631,97.967591,0.923129,1.104901,45.420438,54.364115,36.078468,0.835486,0.000000,0.042969,0.230469,157.657484,0.406792,0.387410,99.497466,0.256726,0.244494,51.086321,48.652210,158.453768,1.050031,0.524672,2.419984,13.063660,0.814004,0.759116,0.000000,0.531386,1.169998,115.976923,490.000000,53.776903,99.776885,5.276997,0.759116,0.422123,0.279255,0.243626,0.206912,0.183843,0.193562,0.214523,0.212463,0.256847,0.227901,0.242959,0.245266,0.264984,0.286800,0.308142,0.322610,0.338357,0.299294,0.362615,
16,332.170218,8.113922,180.736057,4.336596,3.470439,1.000000,0.110865,,,2.011136,40.000000,0.003906,0.050781,0.257812,20.460157,0.220272,0.380936,97.136840,1.045763,1.808534,36.524787,63.165656,21.063231,0.578238,0.000000,0.042969,0.261719,143.357292,0.288921,0.347834,99.556382,0.200645,0.241558,45.229159,54.451705,143.996084,0.830629,0.545007,2.455429,11.194359,0.844353,0.773889,0.000000,0.386775,1.193196,102.520163,477.000000,56.828271,99.632754,5.063399,0.773889,0.448016,0.414229,0.280633,0.236221,0.213196,0.202483,0.236867,0.250037,0.256178,0.283085,0.335518,0.321939,0.327373,0.340093,0.366097,0.447448,0.444269,0.406876,0.409840,
17,329.539942,7.212942,182.157624,3.917643,3.535168,1.000000,0.110011,,,2.022222,40.000000,0.003906,0.050781,0.273438,7.367169,0.155509,0.351191,93.551249,1.974721,4.459558,30.621766,69.153819,7.875009,0.442807,0.000000,0.042969,0.281250,69.134177,0.237021,0.330089,99.183306,0.340042,0.473562,41.636454,57.985224,69.703440,0.718053,0.564924,2.501198,9.874843,1.078555,1.059813,0.000000,0.425309,1.193476,84.788981,571.000000,56.060537,99.414195,4.736411,1.059813,0.644934,0.478282,0.370956,0.253005,0.269576,0.265798,0.282459,0.273209,0.262092,0.297806,0.324670,0.329072,0.367579,0.409428,0.387459,0.387682,0.495340,0.390495,0.389339,
18,326.837810,5.807506,183.635160,3.261584,3.634928,1.000000,0.109051,,,2.040000,35.000000,0.007812,0.042969,0.273438,2.938127,0.120386,0.312524,87.121250,3.569688,9.266937,27.717658,71.955252,3.372457,0.385207,0.000000,0.042969,0.300781,78.876160,0.140717,0.308815,99.430645,0.177387,0.389289,31.155713,68.373783,79.327816,0.455668,0.586844,2.571751,7.784545,1.136423,1.081747,0.000000,0.282196,1.055599,65.697373,665.000000,49.449521,99.142910,4.385757,1.081747,0.820093,0.494265,0.432420,0.399421,0.326247,0.338312,0.342486,0.345798,0.376293,0.338147,0.401138,0.406120,0.477286,0.508426,0.543781,0.463597,0.491254,0.636890,0.525807,
19,324.753056,5.611187,184.811132,3.208788,3.759584,1.000000,0.108460,,,2.060268,35.000000,0.003906,0.042969,0.277344,8.379362,0.110462,0.286711,95.435178,1.258090,3.265443,27.560538,71.534946,8.780161,0.385274,0.000000,0.042969,0.312500,70.569098,0.118426,0.297897,99.410324,0.166825,0.419646,28.291042,71.165584,70.987696,0.397538,0.608598,2.659916,7.465511,1.170151,1.103151,0.000000,0.363807,0.968978,62.605336,760.000000,49.338996,99.062536,4.289807,1.103151,0.822495,0.616900,0.496782,0.366117,0.346541,0.343308,0.318172,0.328077,0.353781,0.319770,0.371266,0.432732,0.421265,0.451894,0.440887,0.458340,0.486421,0.570997,0.533791,
20,322.915791,5.844138,185.868016,3.378548,3.784997,1.000000,0.107759,,,2.282555,40.000000,0.003906,0.042969,0.277344,15.025691,0.104078,0.265102,97.569849,0.675834,1.721449,27.810356,70.837144,15.399933,0.392596,0.000000,0.042969,0.316406,82.902557,0.105753,0.283416,99.530037,0.126963,0.340260,27.015634,72.401494,83.294008,0.373136,0.631411,2.677862,7.816325,1.196360,1.119814,0.000000,0.257410,0.922140,65.977908,856.000000,48.388705,99.169357,3.985460,1.119814,0.840322,0.503045,0.409812,0.372838,0.316788,0.348787,0.302055,0.304882,0.348103,0.283679,0.347226,0.348853,0.350926,0.430120,0.441931,0.375668,0.396523,0.413746,0.435640,
21,321.175618,6.278268,186.885363,3.671502,3.245694,0.000000,0.000000,,,2.779762,30.000000,0.003906,0.042969,0.277344,16.130435,0.089439,0.236541,97.991130,0.543336,1.436967,27.046854,71.531144,16.461117,0.378113,0.000000,0.042969,0.316406,202.499696,0.076831,0.255879,99.835086,0.037879,0.126152,22.968778,76.495472,202.834197,0.300263,0.654042,2.296322,8.570623,1.226207,1.169538,0.000000,0.326734,0.932684,74.345361,922.000000,47.604500,99.147591,3.986342,1.169538,0.677381,0.569921,0.343530,0.272690,0.299473,0.210747,0.224241,0.206609,0.259245,0.203088,0.274326,0.247476,0.267901,0.291437,0.241449,0.355808,0.239179,0.309291,0.377911,
