Sample,meanrr,sdnn,meanhr,sdhr,rmssd,nn50,pnn50,sdann,sdnni,hrvtri,tinn,vlfpeakfft,lfpeakfft,hfpeakfft,vlfpowfft,lfpowfft,hfpowfft,vlfpowprfft,lfpowprfft,hfpowprfft,lfpownufft,hfpownufft,totpowfft,lfhffft,vlfpeakar,lfpeakar,hfpeakar,vlfpowar,lfpowar,hfpowar,vlfpowprar,lfpowprar,hfpowprar,lfpownuar,hfpownuar,totpowar,lfhfar,edr,sd1,sd2,apen,sampen,d2,dfa1,dfa2,rplmean,rplmax,rprec,rpadet,rpshen,mse-1,mse-2,mse-3,mse-4,mse-5,mse-6,mse-7,mse-8,mse-9,mse-10,mse-11,mse-12,mse-13,mse-14,mse-15,mse-16,mse-17,mse-18,mse-19,mse-20,
1,453.847804,40.390573,133.202133,11.342625,7.376411,2.000000,0.303490,,,11.379310,205.000000,0.003906,0.058594,0.152344,247.975216,133.660016,18.291743,61.981583,33.408417,4.572034,87.874296,12.025841,400.078871,7.307123,0.003906,0.042969,0.195312,1319.184502,94.680694,53.347083,89.907744,6.452871,3.635819,63.938838,36.025829,1467.264600,1.774805,0.375032,5.221820,56.807238,0.371277,0.296212,0.901584,1.360845,1.285379,45.933333,650.000000,52.704925,99.942694,4.266915,0.296212,0.341688,0.421764,0.470263,0.487185,0.565208,0.543848,0.632370,0.613118,0.608072,0.736920,0.505481,0.812251,0.803340,1.006089,0.618414,0.525021,0.778273,0.718615,0.670472,
2,440.201298,37.457059,137.291367,11.693119,5.045564,0.000000,0.000000,,,10.656250,170.000000,0.003906,0.058594,0.335938,330.645138,94.258331,12.425367,75.588650,21.548359,2.840558,88.271884,11.636219,437.426966,7.585960,0.000000,0.042969,0.152344,1077.405913,54.227413,15.510727,93.916851,4.726972,1.352061,77.706007,22.226335,1147.191267,3.496123,0.400875,3.572451,52.795145,0.357848,0.281442,0.895306,1.500656,1.028931,46.297694,672.000000,48.799701,99.914943,4.258864,0.281442,0.294472,0.355456,0.409455,0.439809,0.456205,0.492460,0.498569,0.532404,0.682874,0.612461,0.433305,0.776144,0.612394,0.764951,0.697829,0.594676,0.636805,0.773203,0.631604,
3,427.755242,38.404592,141.393773,12.614576,4.636959,0.000000,0.000000,,,11.142857,165.000000,0.003906,0.058594,0.335938,394.642632,56.440268,8.943006,85.779457,12.267847,1.943850,86.268489,13.669311,460.066599,6.311107,0.000000,0.042969,0.152344,1124.716670,46.033333,10.179593,95.236625,3.897923,0.861968,81.831114,18.095745,1180.970741,4.522119,0.425701,3.283228,54.163420,0.312971,0.237568,0.910519,1.500853,1.092230,56.501201,692.000000,49.007910,99.914174,4.317655,0.237568,0.244667,0.266683,0.282009,0.310283,0.347047,0.361787,0.351732,0.340319,0.456310,0.431785,0.429964,0.472729,0.484855,0.491359,0.434657,0.575070,0.366517,0.603423,0.451120,
4,415.488173,36.891564,145.540459,12.805138,4.213328,0.000000,0.000000,,,8.406977,145.000000,0.003906,0.058594,0.218750,388.628568,29.919104,5.497826,91.645223,7.055433,1.296481,84.447892,15.517838,424.057639,5.441988,0.000000,0.042969,0.152344,1130.558233,31.620056,5.849588,96.790099,2.707077,0.500799,84.335211,15.601688,1168.051536,5.405518,0.451623,2.983568,52.020731,0.280600,0.223727,0.846600,1.459324,1.060893,72.724561,713.000000,48.820705,99.932499,4.460996,0.223727,0.197429,0.232372,0.261017,0.273647,0.315315,0.337773,0.407891,0.377478,0.404747,0.385664,0.417796,0.373912,0.484605,0.411243,0.264176,0.309989,0.438672,0.456028,0.431573,
5,405.291913,35.777705,149.165719,12.789594,4.179345,0.000000,0.000000,,,7.551020,145.000000,0.003906,0.062500,0.218750,333.505534,14.473699,2.625731,95.120971,4.128124,0.748899,84.609552,15.349356,350.611994,5.512254,0.000000,0.042969,0.152344,850.938983,20.270242,4.240180,97.198509,2.315368,0.484335,82.647709,17.288456,875.465062,4.780514,0.473730,2.958874,50.473461,0.282404,0.221345,0.811404,1.232775,1.206256,92.213001,730.000000,49.943765,99.925060,4.678650,0.221345,0.159903,0.179450,0.199446,0.203355,0.223638,0.260669,0.272935,0.287883,0.309795,0.369264,0.339061,0.307073,0.355389,0.394321,0.341471,0.406060,0.518459,0.456028,0.558844,
6,395.258204,32.590241,152.791503,12.077329,4.101769,0.000000,0.000000,,,6.837838,100.000000,0.003906,0.062500,0.152344,302.781723,7.199276,1.204171,97.298157,2.313469,0.386957,85.625593,14.321973,311.189578,5.978617,0.000000,0.042969,0.152344,709.065129,12.959943,3.396554,97.743887,1.786515,0.468211,79.185525,20.753019,725.431685,3.815615,0.488930,2.903636,45.961710,0.276589,0.222739,0.702359,1.177242,1.343196,113.189614,749.000000,51.222756,99.861173,4.794925,0.222739,0.128416,0.126393,0.146864,0.167750,0.191905,0.195369,0.217437,0.210597,0.253404,0.249821,0.281653,0.289527,0.310210,0.388798,0.342815,0.455568,0.426038,0.488261,0.488385,
7,385.484867,27.863979,156.430032,10.849867,4.079049,0.000000,0.000000,,,4.630952,85.000000,0.003906,0.074219,0.152344,242.656493,4.196107,0.636682,98.046856,1.695463,0.257255,86.806870,13.171342,247.490335,6.590586,0.000000,0.042969,0.152344,1339.957851,6.890731,1.504210,99.376860,0.511045,0.111558,82.011376,17.902651,1348.360015,4.580963,0.496248,2.887620,39.233348,0.339904,0.307451,0.621629,0.870359,1.484130,149.678030,768.000000,53.486111,99.944356,5.141848,0.307451,0.165568,0.150044,0.155233,0.150929,0.189284,0.188214,0.194169,0.205906,0.221438,0.222117,0.261991,0.247565,0.309812,0.345257,0.330847,0.375747,0.363101,0.426539,0.301877,
8,377.630815,24.698043,159.532842,9.930127,4.046966,0.000000,0.000000,,,4.338798,80.000000,0.003906,0.042969,0.152344,153.931322,3.308866,0.393994,97.650621,2.099071,0.249941,89.345775,10.638589,157.634761,8.398273,0.000000,0.042969,0.152344,1535.810538,4.105822,0.917849,99.673598,0.266467,0.059568,81.637561,18.249932,1540.839868,4.473308,0.506416,2.864458,34.753962,0.389669,0.368659,0.567135,0.822847,1.440117,156.254054,784.000000,56.366749,99.866991,4.976861,0.368659,0.177119,0.173171,0.150303,0.164919,0.165380,0.178828,0.188153,0.218632,0.221601,0.230260,0.253967,0.260894,0.285505,0.294034,0.313348,0.291527,0.381132,0.341926,0.352129,
9,369.714897,20.973461,162.788544,8.864559,4.575405,0.000000,0.000000,,,4.951220,85.000000,0.003906,0.042969,0.261719,76.775231,3.052463,0.365242,95.736919,3.806350,0.455448,89.286347,10.683547,80.193965,8.357369,0.000000,0.042969,0.152344,1227.040236,2.799047,0.782031,99.708452,0.227449,0.063547,78.014252,21.796538,1230.628102,3.579204,0.517362,3.238005,29.431503,0.542768,0.501824,0.512405,0.673278,1.391681,123.809653,802.000000,56.601877,99.801082,4.793974,0.501824,0.241656,0.206507,0.181334,0.178269,0.190703,0.199638,0.194730,0.217710,0.264572,0.279053,0.288498,0.321251,0.329499,0.359401,0.350804,0.350696,0.391643,0.400532,0.407581,
10,363.119278,16.623874,165.571570,7.371031,4.625879,0.000000,0.000000,,,4.802326,70.000000,0.003906,0.042969,0.261719,40.842759,2.724329,0.490822,92.700120,6.183364,1.114011,84.705015,15.260673,44.059014,5.550543,0.000000,0.042969,0.152344,288.046617,2.179112,0.738993,98.994513,0.748907,0.253974,74.481994,25.258757,290.972307,2.948759,0.526110,3.273414,23.237396,0.710561,0.652878,0.191831,0.560104,1.453884,83.702375,815.000000,54.104862,99.522074,4.544846,0.652878,0.351561,0.297732,0.209004,0.200430,0.217422,0.217257,0.214536,0.220656,0.253138,0.255787,0.261835,0.272139,0.343774,0.301831,0.301038,0.310919,0.390448,0.324044,0.369218,
11,357.314918,14.152134,168.179185,6.581215,4.678841,0.000000,0.000000,,,5.350318,70.000000,0.003906,0.042969,0.261719,36.851517,1.959845,0.660162,93.358919,4.965032,1.672441,74.762416,25.183271,39.472947,2.968733,0.000000,0.042969,0.398438,162.862159,1.541299,0.665285,98.657799,0.933680,0.403013,69.563396,30.026286,165.077835,2.316750,0.527717,3.310782,19.696423,0.849284,0.787523,0.060820,0.486035,1.527946,86.088989,828.000000,49.862069,99.458075,4.663092,0.787523,0.458290,0.359444,0.258280,0.238344,0.299826,0.265355,0.264475,0.290601,0.222854,0.325194,0.327477,0.316306,0.357577,0.352373,0.398650,0.323353,0.429948,0.396432,0.392448,
12,352.727834,12.403337,170.312299,5.968031,5.092506,0.000000,0.000000,,,4.890805,55.000000,0.003906,0.042969,0.265625,39.530412,1.134405,0.831055,95.251410,2.733430,2.002487,57.562990,42.170146,41.501130,1.365018,0.000000,0.042969,0.398438,139.518800,1.381074,0.681731,98.536707,0.975399,0.481480,66.657797,32.903859,141.590687,2.025835,0.522134,3.603135,17.157804,0.878018,0.800710,0.019919,0.438429,1.354529,77.371012,833.000000,48.152233,99.449883,4.769455,0.800710,0.529705,0.406714,0.315607,0.304665,0.320345,0.327574,0.329168,0.309996,0.355537,0.325308,0.333095,0.304976,0.392782,0.448810,0.454445,0.374589,0.317544,0.365784,0.584921,
13,348.437160,12.780347,172.433010,6.453422,7.909874,3.000000,0.348837,,,4.484375,95.000000,0.003906,0.046875,0.265625,38.525850,0.733508,0.968287,95.741271,1.822853,2.406306,42.802737,56.502914,40.239543,0.757532,0.000000,0.042969,0.398438,222.480395,1.203956,0.928285,99.045577,0.535986,0.413261,56.158177,43.299575,224.624260,1.296968,0.516333,5.596494,17.164795,0.908959,0.822917,0.027923,0.231401,1.168177,72.284884,784.000000,48.255417,99.382223,4.551448,0.822917,0.500137,0.376099,0.259830,0.291320,0.266796,0.304259,0.283540,0.275594,0.292344,0.311072,0.405261,0.379906,0.342694,0.402580,0.404016,0.285664,0.491560,0.437818,0.497032,
14,344.334144,13.010181,174.501813,6.711096,8.017622,3.000000,0.344828,,,4.512953,95.000000,0.003906,0.046875,0.347656,32.182394,0.701151,0.991801,94.961654,2.068910,2.926541,41.063285,58.085359,33.889883,0.706947,0.000000,0.042969,0.398438,355.924819,0.707184,0.933740,99.537745,0.197771,0.261129,42.783903,56.490284,357.577740,0.757367,0.512735,5.672753,17.462805,0.917912,0.832589,0.027577,0.380294,1.152029,66.062570,706.000000,47.813319,99.259163,4.434691,0.832589,0.500386,0.338863,0.243294,0.259022,0.223566,0.226390,0.262365,0.279421,0.260593,0.269763,0.282570,0.282855,0.258462,0.279682,0.315043,0.278048,0.308964,0.376878,0.444281,
15,340.071282,13.081939,176.698313,6.907913,8.055959,3.000000,0.340522,,,4.569948,100.000000,0.003906,0.050781,0.347656,28.011020,0.763167,0.869331,94.453540,2.573408,2.931396,46.397301,52.851659,29.655871,0.877878,0.000000,0.042969,0.398438,390.236074,0.578720,0.912687,99.616129,0.147731,0.232983,38.484492,60.693049,391.739849,0.634084,0.516471,5.699776,17.577952,0.927391,0.832765,0.028794,0.196788,0.926541,58.620530,624.000000,46.840364,99.183157,4.340142,0.832765,0.490633,0.334522,0.226045,0.269102,0.201912,0.246300,0.221488,0.259305,0.269214,0.267948,0.246029,0.298820,0.245789,0.259609,0.260769,0.294234,0.284109,0.257335,0.297035,
16,335.864312,13.129617,178.919987,7.096416,8.463336,3.000000,0.335946,,,4.632124,100.000000,0.003906,0.066406,0.347656,31.813896,0.732512,0.771253,95.452091,2.197775,2.314012,48.324954,50.880793,33.329701,0.949768,0.000000,0.042969,0.398438,396.259021,0.519526,0.878872,99.645138,0.130642,0.221005,36.815015,62.279288,397.670199,0.591128,0.531121,5.987944,17.552443,0.927273,0.832814,0.025043,0.327042,0.927698,57.539277,541.000000,47.493121,99.245654,4.297108,0.832814,0.556787,0.285093,0.239432,0.214170,0.190909,0.201128,0.211615,0.220842,0.224551,0.212060,0.218185,0.268621,0.262766,0.224499,0.231429,0.322185,0.248583,0.322505,0.358404,
17,331.948609,12.864397,181.023887,7.068566,8.428069,3.000000,0.332226,,,4.565657,95.000000,0.003906,0.062500,0.296875,37.357453,0.615425,0.912428,96.036273,1.582097,2.345615,39.914368,59.177002,38.899316,0.674491,0.000000,0.042969,0.398438,208.995692,0.485552,0.839813,99.363619,0.230848,0.399276,36.275068,62.741567,210.334220,0.578166,0.551335,5.962953,17.164539,0.947102,0.846221,0.017026,0.244571,0.863517,59.927389,452.000000,47.281421,99.368425,4.273132,0.846221,0.459087,0.322939,0.190303,0.181647,0.145099,0.183023,0.165243,0.154396,0.181229,0.183020,0.189957,0.186453,0.218610,0.216314,0.262386,0.302335,0.243692,0.243724,0.266052,
18,329.671939,12.422230,182.258933,6.917729,8.522168,3.000000,0.330033,,,4.136364,95.000000,0.003906,0.062500,0.296875,39.688287,0.534157,0.994306,96.258807,1.295529,2.411562,34.628759,64.459692,41.230812,0.537216,0.000000,0.042969,0.398438,390.656029,0.457275,0.801705,99.675283,0.116673,0.204554,35.930711,62.994511,391.928687,0.570378,0.558512,6.029475,16.485185,0.960588,0.851350,0.004024,0.186569,0.836202,60.754145,475.000000,47.220686,99.403138,4.382913,0.851350,0.466975,0.321683,0.207086,0.181023,0.140278,0.220745,0.168577,0.199262,0.169706,0.219960,0.182402,0.206193,0.229034,0.191421,0.259352,0.239629,0.274146,0.346469,0.290493,
