Sample,meanrr,sdnn,meanhr,sdhr,rmssd,nn50,pnn50,sdann,sdnni,hrvtri,tinn,vlfpeakfft,lfpeakfft,hfpeakfft,vlfpowfft,lfpowfft,hfpowfft,vlfpowprfft,lfpowprfft,hfpowprfft,lfpownufft,hfpownufft,totpowfft,lfhffft,vlfpeakar,lfpeakar,hfpeakar,vlfpowar,lfpowar,hfpowar,vlfpowprar,lfpowprar,hfpowprar,lfpownuar,hfpownuar,totpowar,lfhfar,edr,sd1,sd2,apen,sampen,d2,dfa1,dfa2,rplmean,rplmax,rprec,rpadet,rpshen,mse-1,mse-2,mse-3,mse-4,mse-5,mse-6,mse-7,mse-8,mse-9,mse-10,mse-11,mse-12,mse-13,mse-14,mse-15,mse-16,mse-17,mse-18,mse-19,mse-20,
1,455.046216,52.048548,133.463217,14.197144,5.340177,0.000000,0.000000,,,7.230769,240.000000,0.003906,0.070312,0.160156,589.335665,19.330953,4.912740,96.045833,3.150424,0.800644,79.673528,20.248114,613.598370,3.934862,0.000000,0.042969,0.152344,1835.483000,62.162150,15.186958,95.954038,3.249667,0.793933,80.318782,19.622840,1912.877289,4.093127,0.285472,3.783771,73.399636,0.156443,0.111567,0.747353,1.501950,1.191990,110.564052,648.000000,52.881166,99.973062,4.952055,0.111567,0.107775,0.131694,0.144414,0.161487,0.175114,0.200428,0.227712,0.221243,0.245391,0.282931,0.301258,0.298844,0.356202,0.343284,0.333323,0.375985,0.424877,0.426809,0.382445,
2,437.613885,45.455155,138.540292,13.893412,3.637786,0.000000,0.000000,,,9.026316,175.000000,0.003906,0.042969,0.226562,530.901194,12.663831,3.484066,97.044039,2.314836,0.636856,78.310785,21.544817,547.072442,3.634785,0.000000,0.042969,0.152344,1859.982781,14.190861,3.554533,99.053153,0.755733,0.189296,79.815700,19.992269,1877.762317,3.992328,0.292910,2.579657,64.124551,0.159487,0.123560,0.824201,1.198686,1.366327,120.701031,676.000000,51.114374,99.952192,4.814912,0.123560,0.108915,0.119387,0.144922,0.159692,0.184432,0.230910,0.242927,0.247591,0.306396,0.302149,0.346955,0.346057,0.357049,0.381465,0.472804,0.484354,0.441639,0.461900,0.343922,
3,421.967712,41.222367,143.529861,13.784102,3.539357,0.000000,0.000000,,,10.014085,175.000000,0.003906,0.042969,0.214844,341.522996,8.063424,2.269207,97.059338,2.291590,0.644899,77.927667,21.930388,351.870314,3.553410,0.000000,0.042969,0.152344,5554.860646,9.865626,2.661420,99.774678,0.177203,0.047804,78.644616,21.215721,5567.405213,3.706903,0.299557,2.508359,58.159781,0.164183,0.138939,0.819853,1.138910,1.382239,128.461053,701.000000,49.555198,99.945129,4.935714,0.138939,0.113331,0.119311,0.136034,0.152819,0.185918,0.223246,0.238421,0.223013,0.269920,0.310170,0.349175,0.350127,0.364227,0.319710,0.417245,0.441841,0.511977,0.541495,0.512813,
4,409.042649,38.639610,147.963197,13.616303,3.567278,0.000000,0.000000,,,6.672727,135.000000,0.003906,0.042969,0.218750,226.749935,6.000949,1.945447,96.611874,2.556838,0.828901,75.464665,24.464884,234.701933,3.084612,0.000000,0.042969,0.152344,4111.667307,9.117053,2.645941,99.714386,0.221103,0.064168,77.413150,22.466757,4123.444443,3.445675,0.309757,2.527666,54.497824,0.175259,0.145725,0.783850,1.162684,1.397605,131.305414,724.000000,48.947444,99.928483,4.954083,0.145725,0.116371,0.126112,0.139417,0.156611,0.190556,0.193142,0.222107,0.233566,0.237559,0.242422,0.234650,0.277333,0.269817,0.205449,0.230274,0.265462,0.329984,0.385153,0.356969,
5,396.747892,35.402411,152.404973,13.239113,3.516287,0.000000,0.000000,,,7.000000,130.000000,0.003906,0.042969,0.218750,272.657965,4.641872,1.838676,97.677856,1.662919,0.658693,71.611382,28.365734,279.139996,2.524574,0.000000,0.042969,0.152344,5620.143218,5.740800,1.967284,99.862914,0.102007,0.034956,74.410775,25.499423,5627.858230,2.918136,0.316081,2.491723,49.892052,0.191602,0.169498,0.742063,1.092219,1.506036,149.134904,746.000000,49.947940,99.953357,5.061683,0.169498,0.138003,0.162458,0.180522,0.197353,0.214951,0.219306,0.206109,0.207436,0.220073,0.255982,0.210149,0.256860,0.228308,0.262142,0.210276,0.245075,0.260770,0.286171,0.291965,
6,385.125411,31.287091,156.810182,12.557207,3.763456,0.000000,0.000000,,,7.563107,120.000000,0.003906,0.042969,0.218750,327.585461,3.534815,1.440042,98.503971,1.062908,0.433016,71.048653,28.944386,332.560665,2.454661,0.000000,0.042969,0.195312,2781.353400,3.940139,2.543389,99.767244,0.141333,0.091231,60.721373,39.196092,2787.842284,1.549169,0.320782,2.664685,44.107526,0.257131,0.228205,0.674343,1.033484,1.332787,164.276990,769.000000,50.854444,99.923055,5.152948,0.228205,0.196938,0.206000,0.235964,0.240807,0.220369,0.229891,0.244367,0.231678,0.238886,0.264794,0.250110,0.242064,0.224980,0.288618,0.248042,0.245542,0.302462,0.226996,0.350667,
7,375.966772,29.511434,160.546710,12.245880,3.924477,0.000000,0.000000,,,7.254545,110.000000,0.003906,0.101562,0.218750,272.734338,3.362431,1.011082,98.420614,1.213388,0.364865,76.826561,23.101718,277.110990,3.325578,0.000000,0.042969,0.234375,2833.044765,3.440183,3.343003,99.760930,0.121140,0.117718,50.671466,49.240074,2839.833956,1.029070,0.327627,2.777950,41.602960,0.279449,0.257699,0.649423,1.068521,1.225606,167.617347,788.000000,52.801753,99.947673,5.166838,0.257699,0.238267,0.255845,0.248678,0.232733,0.193111,0.229082,0.240213,0.226690,0.211865,0.203779,0.214664,0.238319,0.203367,0.226540,0.242145,0.201914,0.274523,0.299990,0.249850,
8,367.365600,27.141858,164.183311,11.656025,4.117992,0.000000,0.000000,,,5.835714,100.000000,0.003906,0.101562,0.179688,167.474550,3.889234,1.144241,97.075964,2.254379,0.663255,77.098199,22.682850,172.519070,3.398964,0.000000,0.042969,0.265625,1875.930703,3.057190,4.024104,99.623575,0.162356,0.213705,43.130949,56.772216,1883.018861,0.759719,0.339440,2.914546,38.239055,0.341897,0.319426,0.637837,1.017170,1.198513,131.699254,807.000000,54.142976,99.851194,4.806417,0.319426,0.312156,0.359169,0.286508,0.236997,0.237889,0.242855,0.201875,0.223044,0.152375,0.180815,0.162915,0.153044,0.186325,0.188431,0.205553,0.130941,0.200881,0.172348,0.257054,
9,358.668861,23.797538,167.996717,10.759305,4.297271,0.000000,0.000000,,,6.102190,90.000000,0.003906,0.101562,0.179688,93.993133,4.066219,2.411849,93.534541,4.046380,2.400081,62.584576,37.121590,100.490292,1.685935,0.000000,0.042969,0.289062,812.902207,2.745609,4.433275,99.123303,0.334793,0.540583,38.187982,61.661300,820.091928,0.619318,0.352021,3.041101,33.484176,0.483774,0.439851,0.627817,1.018534,1.175481,123.375848,826.000000,53.260207,99.849010,4.687152,0.439851,0.402754,0.431920,0.337273,0.261562,0.250736,0.263881,0.217644,0.226686,0.203953,0.201889,0.203747,0.240975,0.246119,0.307456,0.187973,0.252693,0.224974,0.220254,0.256849,
10,351.369818,20.311319,171.312219,9.578707,4.428270,0.000000,0.000000,,,5.770270,90.000000,0.003906,0.101562,0.265625,74.759383,3.212986,4.625654,90.489147,3.889015,5.598915,40.890289,58.868700,82.616961,0.694602,0.000000,0.042969,0.300781,823.498896,2.642992,4.918404,99.088575,0.318021,0.591813,34.892766,64.932744,831.073509,0.537368,0.367659,3.133767,28.492813,0.562485,0.524686,0.380409,0.986817,1.067620,93.982517,844.000000,52.820279,99.776216,4.296184,0.524686,0.488680,0.474371,0.368816,0.239208,0.190275,0.209629,0.191343,0.184484,0.169419,0.189029,0.183249,0.197916,0.186708,0.250984,0.238483,0.249451,0.278330,0.268456,0.176928,
11,344.850036,16.630494,174.386381,8.265158,4.525477,0.000000,0.000000,,,5.304878,70.000000,0.003906,0.136719,0.265625,60.461009,1.736389,6.837674,87.564923,2.514791,9.902918,20.223364,79.636960,69.047065,0.253944,0.000000,0.042969,0.308594,305.357042,2.112550,5.276554,97.631893,0.675446,1.687074,28.522618,71.241462,312.763619,0.400365,0.384392,3.202153,23.272582,0.792203,0.730844,0.133340,0.994637,0.867338,97.841121,860.000000,50.960110,99.763353,4.358927,0.730844,0.652604,0.604293,0.403034,0.306975,0.328273,0.221923,0.185382,0.162448,0.151919,0.165768,0.187988,0.194485,0.192748,0.224558,0.221123,0.195983,0.241500,0.245218,0.209634,
12,339.806700,14.493008,176.887037,7.424543,4.590417,0.000000,0.000000,,,3.604082,60.000000,0.003906,0.050781,0.261719,43.265890,0.665308,8.129400,83.092677,1.277733,15.612613,7.557273,92.342309,52.069438,0.081840,0.000000,0.042969,0.320312,237.020441,2.030899,5.766481,96.805502,0.829473,2.355185,25.965689,73.726304,244.841911,0.352190,0.407408,3.248007,20.211401,0.950347,0.892011,0.071152,0.989525,0.696568,55.872239,873.000000,49.238096,99.528340,3.679450,0.892011,0.832246,0.649112,0.390044,0.343043,0.212567,0.220659,0.133965,0.126744,0.137026,0.154534,0.174328,0.198180,0.224702,0.200611,0.243329,0.213043,0.203464,0.270907,0.240621,
13,335.364111,13.284521,179.185578,6.969992,4.625867,0.000000,0.000000,,,3.977778,60.000000,0.003906,0.074219,0.261719,35.981596,0.309848,8.443003,80.409070,0.692425,18.867813,3.534416,96.308920,44.748181,0.036699,0.000000,0.042969,0.324219,204.514957,1.659696,6.012369,96.370640,0.782075,2.833122,21.548552,78.061194,212.217080,0.276047,0.437388,3.273064,18.468751,0.998677,0.956627,0.040647,0.933784,0.645659,74.039664,885.000000,49.658342,99.601863,3.865650,0.956627,0.979647,0.680378,0.344873,0.329457,0.313044,0.180328,0.141946,0.129318,0.117810,0.165433,0.188258,0.186453,0.175118,0.205853,0.232440,0.211709,0.202090,0.234422,0.230150,
14,331.273740,11.352555,181.328741,6.128492,4.834408,0.000000,0.000000,,,3.389513,50.000000,0.003906,0.042969,0.347656,27.972553,0.248228,8.143301,76.886846,0.682294,22.383110,2.951972,96.841434,36.381454,0.030483,0.000000,0.042969,0.328125,99.060533,1.107901,6.286827,93.023417,1.040382,5.903685,14.912481,84.621439,106.489888,0.176226,0.468770,3.420478,15.664040,1.172492,1.163808,0.008682,0.918285,0.716367,50.201519,895.000000,49.631049,99.534692,3.589446,1.163808,1.066281,0.734788,0.342935,0.440699,0.355587,0.189267,0.130319,0.160594,0.141630,0.161810,0.214265,0.186078,0.196714,0.217126,0.173220,0.230497,0.235394,0.225706,0.252066,
15,327.870453,9.902079,183.164101,5.472048,4.869974,0.000000,0.000000,,,3.351648,40.000000,0.003906,0.054688,0.347656,16.751159,0.213614,7.537190,68.325850,0.871302,30.743241,2.750832,97.060984,24.516577,0.028341,0.000000,0.042969,0.332031,243.704093,0.607227,6.114136,97.303444,0.242447,2.441184,8.990987,90.529696,250.457828,0.099315,0.503370,3.445591,13.549445,1.186891,1.181277,0.000006,0.886561,0.564225,52.886314,904.000000,47.521795,99.461131,3.722893,1.181277,1.142061,0.917553,0.422011,0.495521,0.455367,0.266314,0.173676,0.157715,0.211379,0.215709,0.229226,0.216574,0.253388,0.189529,0.187107,0.242415,0.244013,0.217064,0.224311,
16,324.883722,9.093129,184.824653,5.124368,4.978131,0.000000,0.000000,,,3.332130,40.000000,0.003906,0.054688,0.382812,11.544768,0.172201,6.724514,62.527171,0.932652,36.420382,2.488876,97.191440,18.463603,0.025608,0.000000,0.042969,0.347656,75.398622,0.433023,5.899895,92.208686,0.529566,7.215273,6.796871,92.606614,81.769544,0.073395,0.541296,3.522039,12.359632,1.329017,1.452986,0.000000,0.834167,0.564100,40.312746,912.000000,46.785716,99.532297,3.723274,1.452986,1.292862,0.966570,0.431175,0.592843,0.556016,0.274662,0.196609,0.203243,0.221447,0.297663,0.256017,0.326623,0.248672,0.254068,0.255484,0.263009,0.278948,0.258312,0.396887,
17,322.014674,8.132130,186.444990,4.682870,5.094251,0.000000,0.000000,,,3.191781,40.000000,0.003906,0.093750,0.382812,11.594202,0.131210,5.978400,65.306114,0.739061,33.674251,2.130234,97.061054,17.753623,0.021947,0.000000,0.042969,0.359375,60.972356,0.268902,5.485728,91.322945,0.402756,8.216392,4.641616,94.691028,66.765648,0.049019,0.575363,3.604160,10.913496,1.362829,1.472589,0.000000,0.757413,0.568118,24.173122,850.000000,44.320125,99.182681,3.408100,1.472589,1.364744,0.927225,0.464866,0.649972,0.529692,0.323179,0.219784,0.217138,0.291923,0.306902,0.283314,0.322148,0.350006,0.340003,0.254147,0.343020,0.385937,0.358904,0.382498,
18,319.631298,7.186759,187.811014,4.219013,5.228202,0.000000,0.000000,,,3.183051,30.000000,0.003906,0.050781,0.382812,9.789545,0.109284,5.489645,63.330474,0.706978,35.513583,1.927971,96.847675,15.457875,0.019907,0.000000,0.042969,0.371094,90.900968,0.199933,4.953312,94.586673,0.208040,5.154151,3.843108,95.212257,96.103357,0.040364,0.603360,3.698897,9.460107,1.478564,1.776480,0.000000,0.727874,0.452404,17.211446,707.000000,38.847034,98.457088,3.320328,1.776480,1.322250,1.107870,0.533825,0.694704,0.523037,0.294867,0.229695,0.236290,0.297912,0.275479,0.326399,0.245519,0.250476,0.283512,0.222112,0.282663,0.245901,0.335523,0.259266,
19,318.865818,7.029506,188.258099,4.141565,5.237997,0.000000,0.000000,,,2.208920,35.000000,0.003906,0.050781,0.382812,8.352510,0.110909,5.325833,60.267179,0.800258,38.428323,2.014099,96.716825,13.859135,0.020825,0.000000,0.042969,0.371094,49.200314,0.191782,4.691095,90.884035,0.354265,8.665507,3.886208,95.058582,54.135266,0.040882,0.614481,3.705832,9.216387,1.480698,1.752589,0.000000,0.734846,0.430900,16.774506,667.000000,38.123285,98.393468,3.299152,1.752589,1.306237,0.943339,0.471239,0.646263,0.614268,0.402935,0.215995,0.241148,0.260274,0.275768,0.303038,0.235266,0.267958,0.256147,0.247270,0.232148,0.236381,0.243279,0.219857,
