Sample,meanrr,sdnn,meanhr,sdhr,rmssd,nn50,pnn50,sdann,sdnni,hrvtri,tinn,vlfpeakfft,lfpeakfft,hfpeakfft,vlfpowfft,lfpowfft,hfpowfft,vlfpowprfft,lfpowprfft,hfpowprfft,lfpownufft,hfpownufft,totpowfft,lfhffft,vlfpeakar,lfpeakar,hfpeakar,vlfpowar,lfpowar,hfpowar,vlfpowprar,lfpowprar,hfpowprar,lfpownuar,hfpownuar,totpowar,lfhfar,edr,sd1,sd2,apen,sampen,d2,dfa1,dfa2,rplmean,rplmax,rprec,rpadet,rpshen,mse-1,mse-2,mse-3,mse-4,mse-5,mse-6,mse-7,mse-8,mse-9,mse-10,mse-11,mse-12,mse-13,mse-14,mse-15,mse-16,mse-17,mse-18,mse-19,mse-20,
1,501.013306,61.866856,121.560676,14.811271,6.355677,1.000000,0.167504,,,11.725490,300.000000,0.003906,0.054688,0.300781,652.508839,67.894703,20.753642,88.031511,9.159835,2.799923,76.532930,23.394123,741.221898,3.271460,0.000000,0.042969,0.152344,5292.459466,85.151018,23.748340,97.983082,1.576462,0.439670,78.161905,21.799099,5401.401307,3.585557,0.505303,4.522521,86.538873,0.229462,0.165999,0.976787,1.431400,1.601113,85.439323,588.000000,52.379648,99.960378,4.728863,0.165999,0.203695,0.227777,0.238438,0.272252,0.287340,0.300491,0.340138,0.371554,0.422798,0.367369,0.456884,0.539988,0.461440,0.496710,0.590285,0.579374,0.667390,0.663084,0.748245,
2,478.423732,61.089563,127.518472,16.642408,5.150460,0.000000,0.000000,,,9.358209,205.000000,0.003906,0.054688,0.289062,764.034878,44.968556,14.509129,92.765211,5.459852,1.761624,75.466644,24.349354,823.622205,3.099328,0.000000,0.042969,0.152344,2689.261915,35.305156,16.326209,98.114830,1.288071,0.595644,68.326506,31.596314,2740.933160,2.162483,0.497939,3.650280,86.241027,0.191611,0.132803,0.945794,1.397931,1.292316,90.887736,617.000000,50.471822,99.957461,4.628751,0.132803,0.156201,0.176558,0.190142,0.227096,0.232088,0.259315,0.290373,0.349448,0.402866,0.377333,0.386479,0.385181,0.463765,0.437068,0.598989,0.635172,0.577537,0.518424,0.443023,
3,459.428606,61.180826,132.923973,17.614306,4.654908,0.000000,0.000000,,,7.879518,200.000000,0.003906,0.054688,0.289062,948.986174,28.715062,9.768738,96.090743,2.907578,0.989145,74.376759,25.302646,987.593748,2.939485,0.000000,0.042969,0.308594,4640.153610,26.661912,11.303979,99.187809,0.569924,0.241634,70.171225,29.750831,4678.149116,2.358631,0.494494,3.300901,86.350016,0.155122,0.091816,0.793223,1.297992,1.312600,113.345455,644.000000,50.968572,99.959442,4.830612,0.091816,0.095538,0.104091,0.123946,0.141278,0.156540,0.175968,0.205785,0.195640,0.230868,0.273832,0.258636,0.277215,0.269765,0.319530,0.318909,0.342504,0.383858,0.355350,0.445246,
4,440.423951,57.395586,138.524912,17.698483,4.164211,0.000000,0.000000,,,8.407407,165.000000,0.003906,0.042969,0.289062,1012.595098,15.734051,5.099534,97.975818,1.522382,0.493416,75.209724,24.376081,1033.515333,3.085390,0.000000,0.042969,0.320312,3020.595829,16.366156,6.585630,99.245034,0.537728,0.216378,71.225537,28.660669,3043.573763,2.485132,0.497212,2.951390,81.059337,0.136199,0.097007,0.754129,1.340264,1.353297,136.784933,671.000000,49.878206,99.958267,4.930802,0.097007,0.084696,0.094023,0.104808,0.106976,0.119093,0.148048,0.166401,0.162631,0.190374,0.199762,0.208107,0.224084,0.202558,0.241703,0.242136,0.297425,0.306564,0.256631,0.297831,
5,424.869008,53.584587,143.379391,17.214071,4.352984,0.000000,0.000000,,,6.086207,165.000000,0.003906,0.042969,0.187500,907.113787,7.117269,2.029042,98.997794,0.776743,0.221439,77.503325,22.095203,916.296966,3.507699,0.000000,0.042969,0.328125,3841.422356,10.559701,4.562142,99.607295,0.273811,0.118295,69.724237,30.123192,3856.567306,2.314636,0.501660,3.083717,75.665951,0.138074,0.097817,0.648377,0.977027,1.423878,137.813424,696.000000,49.897799,99.945546,5.020846,0.097817,0.072332,0.072784,0.083563,0.094349,0.111962,0.138193,0.156347,0.166659,0.184950,0.194773,0.190041,0.204574,0.212996,0.251271,0.270297,0.251033,0.278441,0.291965,0.282580,
6,410.214283,48.826377,148.203664,16.377551,4.441538,0.000000,0.000000,,,5.503759,170.000000,0.003906,0.082031,0.187500,787.943169,3.213179,0.817043,99.489897,0.405713,0.103164,79.535453,20.224175,791.983102,3.932692,0.000000,0.042969,0.316406,3090.471225,7.939773,2.882416,99.650559,0.256014,0.092942,73.263770,26.597317,3101.308468,2.754555,0.504240,3.146544,68.894117,0.146201,0.116706,0.552643,1.028885,1.497828,189.389902,722.000000,51.679934,99.971867,5.534035,0.116706,0.062197,0.061185,0.067430,0.072651,0.088670,0.100182,0.109621,0.124634,0.117445,0.140645,0.134783,0.178413,0.175285,0.172099,0.205335,0.216759,0.193722,0.206418,0.229707,
7,396.144253,41.312155,152.991536,14.756127,4.502334,0.000000,0.000000,,,5.573529,135.000000,0.003906,0.046875,0.187500,553.476398,2.000741,0.499694,99.549702,0.359859,0.089876,79.915578,19.959279,555.979967,4.003931,0.000000,0.042969,0.152344,20850119.601448,4.370822,0.995810,99.999974,0.000021,0.000005,81.292700,18.521027,20850124.978096,4.389211,0.502629,3.189020,58.218966,0.162302,0.134467,0.478992,0.813256,1.582686,243.295666,748.000000,56.042681,99.980280,5.898656,0.134467,0.068865,0.060533,0.061654,0.076093,0.084320,0.099004,0.114954,0.120817,0.135750,0.159681,0.180337,0.178612,0.180957,0.202384,0.180923,0.231652,0.212979,0.234346,0.218762,
8,384.267966,33.998475,157.275265,12.874540,4.649441,0.000000,0.000000,,,5.916667,115.000000,0.003906,0.042969,0.355469,262.388210,1.891863,0.372967,99.141740,0.714829,0.140923,83.288150,16.419642,264.659677,5.072471,0.000000,0.042969,0.152344,2189.401642,3.252618,0.577630,99.825058,0.148302,0.026337,84.772199,15.054632,2193.238535,5.630971,0.507954,3.291639,47.886585,0.234433,0.198493,0.444513,0.642361,1.580049,225.309227,771.000000,60.693240,99.909876,5.546365,0.198493,0.086367,0.074932,0.071474,0.065877,0.078623,0.088707,0.093759,0.105297,0.113728,0.116828,0.131407,0.142614,0.161182,0.164695,0.195144,0.190410,0.196927,0.192311,0.194843,
9,374.246878,26.956272,161.097249,10.805842,4.912002,0.000000,0.000000,,,4.860606,85.000000,0.003906,0.042969,0.355469,95.664829,1.625875,0.357951,97.955402,1.664804,0.366522,81.424508,17.926336,97.661617,4.542172,0.000000,0.042969,0.398438,1561.836608,2.168126,0.437444,99.833067,0.138587,0.027962,83.019513,16.750144,1564.448194,4.956346,0.522230,3.476605,37.892483,0.327510,0.290025,0.390548,0.472189,1.634013,193.024641,792.000000,59.865564,99.879935,5.412723,0.290025,0.124703,0.111766,0.083814,0.088478,0.103114,0.110102,0.115801,0.117319,0.127285,0.152883,0.164300,0.158053,0.172638,0.193416,0.191093,0.206398,0.248653,0.241200,0.252709,
10,365.581108,20.602182,164.616874,8.811988,5.275916,0.000000,0.000000,,,4.390374,95.000000,0.003906,0.046875,0.367188,64.790366,0.939525,0.434487,97.902013,1.419677,0.656536,67.668507,31.293589,66.178788,2.162376,0.000000,0.042969,0.398438,1739.499840,1.769402,0.401821,99.874958,0.101592,0.023071,81.246191,18.450542,1741.677667,4.403458,0.538708,3.733717,28.808431,0.541978,0.484663,0.199175,0.517674,1.747078,135.205818,811.000000,56.562280,99.698611,4.707956,0.484663,0.247849,0.171597,0.151807,0.121143,0.139565,0.121121,0.160571,0.161539,0.175021,0.199533,0.201562,0.232987,0.230777,0.228708,0.267686,0.291627,0.278682,0.274578,0.260577,
11,358.554781,15.768372,167.658868,7.301260,5.516252,0.000000,0.000000,,,4.810345,70.000000,0.003906,0.046875,0.367188,65.486773,0.400343,0.502640,98.626021,0.602935,0.756999,43.882404,55.095381,66.399083,0.796481,0.000000,0.042969,0.398438,615.759654,0.913245,0.456034,99.777060,0.147981,0.073895,66.377096,33.145793,617.135497,2.002580,0.556633,3.903179,21.928029,0.763606,0.684678,0.101772,0.367015,1.428755,91.885281,827.000000,49.753495,99.562008,4.550133,0.684678,0.365390,0.296230,0.222307,0.191467,0.174822,0.186091,0.199955,0.203556,0.212046,0.229696,0.253578,0.237919,0.282879,0.252926,0.284444,0.266195,0.391482,0.372197,0.422652,
12,353.423030,14.916860,170.068098,7.120638,5.983090,0.000000,0.000000,,,4.823864,70.000000,0.003906,0.046875,0.367188,52.392472,0.244847,0.491913,98.606881,0.460821,0.925820,33.078395,66.456616,53.132673,0.497744,0.000000,0.042969,0.398438,491.330208,0.860811,0.523303,99.717525,0.174705,0.106207,61.848109,37.598609,492.722023,1.644957,0.574060,4.233380,20.642594,0.811153,0.727581,0.074389,0.300897,1.396958,72.588972,838.000000,49.591837,99.324417,4.076727,0.727581,0.392339,0.337696,0.179099,0.178561,0.187145,0.245167,0.175270,0.188177,0.217183,0.255015,0.220188,0.196896,0.257617,0.243604,0.277501,0.340885,0.333805,0.358404,0.356080,
13,348.321469,14.021974,172.532974,6.927839,6.238390,0.000000,0.000000,,,5.186747,70.000000,0.003906,0.046875,0.210938,34.542382,0.267068,0.444232,97.977461,0.757522,1.260039,37.454015,62.299852,35.255437,0.601189,0.000000,0.042969,0.398438,1101.524530,0.536583,0.537804,99.901876,0.048665,0.048776,49.595149,49.707940,1102.606457,0.997731,0.593041,4.413973,19.305115,0.965598,0.896262,0.054183,0.271472,1.196361,66.932157,850.000000,47.451729,99.100025,3.868452,0.896262,0.473020,0.294261,0.217726,0.183802,0.177909,0.184815,0.212523,0.168399,0.205906,0.220716,0.215143,0.243160,0.242372,0.208309,0.271319,0.325387,0.397875,0.323118,0.357270,
14,343.864791,13.815523,174.767487,6.991675,6.482072,0.000000,0.000000,,,5.040462,65.000000,0.003906,0.046875,0.210938,29.262287,0.309798,0.451672,97.459450,1.031796,1.504315,40.613101,59.212193,30.025090,0.685891,0.000000,0.042969,0.398438,612.815365,0.411287,0.569173,99.838932,0.067006,0.092729,41.601087,57.571070,613.804010,0.722604,0.612167,4.586373,18.954452,1.009850,0.977176,0.050925,0.279459,1.142674,65.591246,861.000000,47.906666,99.123864,3.827030,0.977176,0.477665,0.377159,0.194221,0.189815,0.194032,0.182468,0.157153,0.162977,0.207024,0.207994,0.184192,0.197858,0.199000,0.212674,0.207474,0.247277,0.226116,0.267679,0.291312,
15,339.329537,13.054906,177.081438,6.829258,7.217915,0.000000,0.000000,,,4.889503,65.000000,0.003906,0.042969,0.292969,36.174026,0.297061,0.528887,97.766289,0.802857,1.429405,35.942745,63.992380,37.000511,0.561672,0.000000,0.042969,0.398438,514.767911,0.388385,0.566482,99.813063,0.075307,0.109840,40.284936,58.758015,515.732005,0.685608,0.632809,5.106934,17.693141,1.040059,1.026645,0.022267,0.268498,1.101807,57.934643,868.000000,47.346803,99.053748,3.721396,1.026645,0.598398,0.375297,0.226988,0.206466,0.170358,0.160085,0.181639,0.141918,0.223149,0.211149,0.226920,0.188406,0.183702,0.203373,0.239935,0.225349,0.277664,0.227698,0.358404,
16,335.704569,11.967624,178.955822,6.386333,7.389211,0.000000,0.000000,,,4.004484,60.000000,0.003906,0.042969,0.292969,36.385121,0.221289,0.639123,97.683110,0.594095,1.715852,25.641932,74.058409,37.248119,0.346239,0.000000,0.042969,0.398438,456.531448,0.305860,0.571565,99.805992,0.066866,0.124954,34.465718,64.406628,457.418879,0.535127,0.659507,5.227961,16.087029,1.174268,1.223253,0.001937,0.284184,0.834416,48.793511,868.000000,45.854405,99.048927,3.910798,1.223253,0.684576,0.467584,0.296516,0.229593,0.194815,0.237900,0.209629,0.173643,0.191501,0.223149,0.236565,0.226969,0.200827,0.290639,0.220851,0.226415,0.236917,0.270753,0.255220,
17,332.982884,10.896754,180.381427,5.877577,7.716921,0.000000,0.000000,,,3.172535,55.000000,0.003906,0.042969,0.304688,30.844836,0.154807,0.666803,97.380953,0.488744,2.105180,18.661118,80.379601,31.674403,0.232162,0.000000,0.042969,0.398438,313.362576,0.309507,0.570889,99.716294,0.098489,0.181665,34.715306,64.032751,314.254133,0.542149,0.687791,5.459758,14.402116,1.212391,1.251600,0.000197,0.265338,0.876571,36.532808,683.000000,45.895504,99.101798,3.983308,1.251600,0.752110,0.557664,0.392155,0.255194,0.309881,0.172038,0.223945,0.149996,0.214501,0.160999,0.265914,0.211213,0.211475,0.236265,0.289179,0.272478,0.295234,0.285925,0.290493,
18,330.848812,9.609653,181.503659,5.240974,8.150957,0.000000,0.000000,,,2.610951,50.000000,0.003906,0.042969,0.304688,26.218057,0.127428,0.608341,97.224054,0.472540,2.255904,17.022658,81.266116,26.966636,0.209468,0.000000,0.042969,0.386719,126.345224,0.271926,0.701371,99.225526,0.213558,0.550823,27.574599,71.122255,127.331372,0.387707,0.709010,5.766798,12.303538,1.313825,1.499104,0.000001,0.260431,0.678976,23.016114,509.000000,43.149903,98.736707,3.778587,1.499104,0.813373,0.710087,0.407170,0.256391,0.288527,0.379853,0.263038,0.192694,0.207993,0.249714,0.224506,0.219831,0.251705,0.213002,0.352506,0.246875,0.293910,0.330736,0.305865,
