0.323730468750000
0.959472656250000
1.59765625000000
2.21386718750000
2.80517578125000
3.39355468750000
3.98828125000000
4.58642578125000
5.15722656250000
5.73486328125000
6.32324218750000
6.91796875000000
7.48632812500000
8.06201171875000
8.65234375000000
9.24267578125000
9.81787109375000
10.3935546875000
10.9868164062500
11.5644531250000
12.1196289062500
12.6831054687500
13.2534179687500
13.8212890625000
14.3686523437500
14.9135742187500
15.4570312500000
16.0004882812500
16.5361328125000
17.0654296875000
17.5957031250000
18.1313476562500
18.6552734375000
19.1796875000000
19.7114257812500
20.2446289062500
20.7646484375000
21.2836914062500
21.8139648437500
22.3466796875000
22.8652343750000
23.3920898437500
23.9213867187500
24.4462890625000
24.9609375000000
25.4921875000000
26.0224609375000
26.5517578125000
27.0927734375000
27.6381835937500
28.1948242187500
28.7416992187500
29.2749023437500
29.8217773437500
30.3618164062500
30.9018554687500
31.4438476562500
31.9853515625000
32.5341796875000
33.0742187500000
33.6108398437500
34.1577148437500
34.7050781250000
35.2353515625000
35.7807617187500
36.3134765625000
36.8486328125000
37.3813476562500
37.8979492187500
38.4272460937500
38.9550781250000
39.5083007812500
40.0576171875000
40.5859375000000
41.1254882812500
41.6704101562500
42.2285156250000
42.7758789062500
43.2983398437500
43.8403320312500
44.3847656250000
44.9858398437500
45.5825195312500
46.1376953125000
46.6826171875000
47.2353515625000
47.8012695312500
48.3569335937500
48.8828125000000
49.4023437500000
49.9204101562500
50.4477539062500
50.9843750000000
51.5395507812500
52.0849609375000
52.6074218750000
53.1186523437500
53.6450195312500
54.1782226562500
54.7236328125000
55.2539062500000
55.7880859375000
56.3149414062500
56.8481445312500
57.3593750000000
57.8754882812500
58.3789062500000
58.9072265625000
59.4389648437500
59.9838867187500
60.5190429687500
61.0444335937500
61.5546875000000
62.0874023437500
62.6269531250000
63.1865234375000
63.7304687500000
64.2690429687500
64.7983398437500
65.3325195312500
65.8481445312500
66.3603515625000
66.8662109375000
67.3769531250000
67.8906250000000
68.3989257812500
68.8999023437500
69.4062500000000
69.9155273437500
70.4199218750000
70.9140625000000
71.4140625000000
71.9125976562500
72.4145507812500
72.9072265625000
73.3994140625000
73.8901367187500
74.3911132812500
74.8823242187500
75.3857421875000
75.8730468750000
76.3593750000000
76.8486328125000
77.3398437500000
77.8315429687500
78.3120117187500
78.7900390625000
79.2690429687500
79.7558593750000
80.2539062500000
80.7412109375000
81.2270507812500
81.7070312500000
82.1918945312500
82.6894531250000
83.1840820312500
83.6738281250000
84.1616210937500
84.6435546875000
85.1474609375000
85.6401367187500
86.1577148437500
86.6484375000000
87.1401367187500
87.6254882812500
88.1210937500000
88.6269531250000
89.1323242187500
89.6220703125000
90.1088867187500
90.5957031250000
91.1005859375000
91.6044921875000
92.0917968750000
92.5766601562500
93.0576171875000
93.5395507812500
94.0395507812500
94.5273437500000
95.0122070312500
95.4931640625000
95.9750976562500
96.4677734375000
96.9477539062500
97.4252929687500
97.8984375000000
98.3745117187500
98.8603515625000
99.3476562500000
99.8271484375000
100.303710937500
100.778808593750
101.259765625000
101.749023437500
102.252929687500
102.734863281250
103.215332031250
103.697265625000
104.183105468750
104.666992187500
105.147949218750
105.628417968750
106.104492187500
106.582031250000
107.062500000000
107.547363281250
108.020019531250
108.492675781250
108.960449218750
109.433105468750
109.909179687500
110.400878906250
110.875000000000
111.345214843750
111.817382812500
112.295410156250
112.767578125000
113.236816406250
113.705566406250
114.181640625000
114.662597656250
115.134765625000
115.607421875000
116.081542968750
116.559570312500
117.032714843750
117.499511718750
117.970703125000
118.451171875000
118.938476562500
119.414062500000
119.888183593750
120.361816406250
120.843750000000
121.321777343750
121.797851562500
122.268554687500
122.745605468750
123.236816406250
123.704101562500
124.171875000000
124.639160156250
125.113769531250
125.588378906250
126.054687500000
126.521484375000
126.988281250000
127.462890625000
127.931640625000
128.399414062500
128.867675781250
129.346679687500
129.811523437500
130.276367187500
130.740722656250
131.213867187500
131.680175781250
132.147949218750
132.622558593750
133.101074218750
133.569824218750
134.041503906250
134.511718750000
134.987792968750
135.458984375000
135.926757812500
136.394042968750
136.860351562500
137.330078125000
137.801269531250
138.272460937500
138.763671875000
139.235351562500
139.714843750000
140.184082031250
140.651367187500
141.123046875000
141.598144531250
142.067382812500
142.535644531250
143.003417968750
143.486816406250
143.947265625000
144.412597656250
144.876464843750
145.347167968750
145.813476562500
146.278320312500
146.742675781250
147.217285156250
147.681152343750
148.147949218750
148.609863281250
149.077636718750
149.548339843750
150.007324218750
150.466796875000
150.929199218750
151.400390625000
151.863281250000
152.324707031250
152.786132812500
153.255371093750
153.715820312500
154.177734375000
154.639648437500
155.105468750000
155.579589843750
156.038574218750
156.500976562500
156.964355468750
157.434570312500
157.893554687500
158.356445312500
158.817871093750
159.284179687500
159.740234375000
160.197265625000
160.654296875000
161.113769531250
161.569335937500
162.020507812500
162.471679687500
162.925781250000
163.380859375000
163.830566406250
164.282226562500
164.736328125000
165.190429687500
165.640136718750
166.083984375000
166.530273437500
166.980468750000
167.427734375000
167.870117187500
168.315429687500
168.760742187500
169.214355468750
169.659179687500
170.102050781250
170.542968750000
170.990722656250
171.433105468750
171.874511718750
172.314453125000
172.757324218750
173.206542968750
173.653808593750
174.095703125000
174.540527343750
174.986328125000
175.429687500000
175.868164062500
176.308105468750
176.749511718750
177.197265625000
177.636718750000
178.076660156250
178.516113281250
178.958496093750
179.397949218750
179.834960937500
180.271484375000
180.712890625000
181.152343750000
181.588378906250
182.023925781250
182.464355468750
182.898437500000
183.330078125000
183.762695312500
184.197753906250
184.631347656250
185.063964843750
185.494140625000
185.927246093750
186.360839843750
186.790039062500
187.217285156250
187.646484375000
188.079101562500
188.508789062500
188.937011718750
189.365722656250
189.794921875000
190.223144531250
190.647949218750
191.072753906250
191.500000000000
191.929687500000
192.354492187500
192.778808593750
193.200683593750
193.628417968750
194.055175781250
194.481933593750
194.906738281250
195.331054687500
195.758300781250
196.184570312500
196.606445312500
197.029296875000
197.454589843750
197.881835937500
198.304199218750
198.726074218750
199.147460937500
199.572753906250
199.996582031250
200.418457031250
200.839355468750
201.260253906250
201.684082031250
202.110351562500
202.528808593750
202.946777343750
203.366210937500
203.790039062500
204.208496093750
204.626464843750
205.042480468750
205.461914062500
205.879394531250
206.298339843750
206.714355468750
207.130371093750
207.543945312500
207.958984375000
208.377929687500
208.799316406250
209.218261718750
209.635253906250
210.053222656250
210.476074218750
210.896484375000
211.312988281250
211.730468750000
212.152832031250
212.575683593750
212.994140625000
213.413574218750
213.834472656250
214.256347656250
214.678222656250
215.095214843750
215.514648437500
215.932128906250
216.357910156250
216.776367187500
217.193847656250
217.610839843750
218.032714843750
218.450195312500
218.867187500000
219.285156250000
219.707519531250
220.126464843750
220.542480468750
220.957519531250
221.374511718750
221.793945312500
222.219238281250
222.639160156250
223.060058593750
223.480957031250
223.906250000000
224.328613281250
224.750000000000
225.171875000000
225.599121093750
226.026855468750
226.453125000000
226.876464843750
227.302246093750
227.730957031250
228.157226562500
228.578125000000
229.001953125000
229.425292968750
229.856933593750
230.280761718750
230.703613281250
231.125976562500
231.553710937500
231.976562500000
232.397460937500
232.819824218750
233.244628906250
233.670898437500
234.093750000000
234.514648437500
234.931152343750
235.350585937500
235.771484375000
236.194335937500
236.619140625000
237.038574218750
237.459472656250
237.880371093750
238.304687500000
238.724609375000
239.141113281250
239.558593750000
239.981445312500
240.399902343750
240.816406250000
241.234375000000
241.655273437500
242.074218750000
242.492675781250
242.906738281250
243.321289062500
243.736816406250
244.153808593750
244.565917968750
244.981445312500
245.398925781250
245.813476562500
246.227050781250
246.639648437500
247.055175781250
247.471679687500
247.887207031250
248.302246093750
248.713378906250
249.131835937500
249.546386718750
249.959960937500
250.371582031250
250.790039062500
251.206542968750
251.621582031250
252.035644531250
252.454101562500
252.867675781250
253.280273437500
253.694824218750
254.111816406250
254.526855468750
254.940429687500
255.352050781250
255.766113281250
256.181152343750
256.595214843750
257.007324218750
257.422363281250
257.840820312500
258.250976562500
258.661621093750
259.074218750000
259.489257812500
259.899902343750
260.312011718750
260.725585937500
261.136230468750
261.548339843750
261.957031250000
262.366699218750
262.778320312500
263.192382812500
263.602050781250
264.012207031250
264.420410156250
264.833984375000
265.243164062500
265.649902343750
266.058105468750
266.468261718750
266.881835937500
267.293945312500
267.701171875000
268.111328125000
268.523437500000
268.935546875000
269.343261718750
269.752929687500
270.165527343750
270.573730468750
270.979492187500
271.388183593750
271.795898437500
272.203613281250
272.609375000000
273.016113281250
273.422363281250
273.831542968750
274.235839843750
274.640625000000
275.046875000000
275.455078125000
275.858886718750
276.263671875000
276.669433593750
277.074707031250
277.482421875000
277.887207031250
278.289062500000
278.692871093750
279.099609375000
279.505371093750
279.907714843750
280.311035156250
280.717285156250
281.120605468750
281.521484375000
281.923339843750
282.324707031250
282.726562500000
283.124511718750
283.523925781250
283.923828125000
284.324707031250
284.719726562500
285.117675781250
285.516601562500
285.917480468750
286.312500000000
286.708984375000
287.106445312500
287.506347656250
287.899902343750
288.296386718750
288.693359375000
289.092285156250
289.485839843750
289.878417968750
290.271972656250
290.666503906250
291.059082031250
291.449218750000
291.840332031250
292.232910156250
292.624511718750
293.011718750000
293.400390625000
293.791992187500
294.180664062500
294.568847656250
294.955566406250
295.343750000000
295.732910156250
296.118652343750
296.503417968750
296.891113281250
297.277343750000
297.666992187500
298.049804687500
298.437011718750
298.824218750000
299.211914062500
299.596191406250
299.982910156250
300.370117187500
300.758789062500
301.145019531250
301.530273437500
301.916015625000
302.305175781250
302.693359375000
303.077148437500
303.462890625000
303.852050781250
304.238769531250
304.625976562500
305.011718750000
305.400878906250
305.790039062500
306.178710937500
306.564941406250
306.954589843750
307.343261718750
307.733886718750
308.120117187500
308.510253906250
308.895507812500
309.287109375000
309.674316406250
310.064453125000
310.455078125000
310.846679687500
311.238769531250
311.631347656250
312.019531250000
312.411621093750
312.803222656250
313.197265625000
313.589843750000
313.984863281250
314.378417968750
314.773925781250
315.166503906250
315.559570312500
315.954101562500
316.347167968750
316.742675781250
317.134765625000
317.527343750000
317.916992187500
318.311035156250
318.704101562500
319.096679687500
319.488769531250
319.883789062500
320.279785156250
320.672363281250
321.062988281250
321.455078125000
321.846679687500
322.239746093750
322.631347656250
323.023925781250
323.418945312500
323.814453125000
324.208007812500
324.601074218750
324.995605468750
325.390625000000
325.783691406250
326.173828125000
326.568359375000
326.960449218750
327.353515625000
327.742187500000
328.134765625000
328.525878906250
328.918457031250
329.306152343750
329.697265625000
330.086914062500
330.480468750000
330.866699218750
331.257812500000
331.650390625000
332.042968750000
332.430664062500
332.823242187500
333.215820312500
333.609375000000
334
334.395019531250
334.791015625000
335.188964843750
335.582031250000
335.978027343750
336.374511718750
336.773437500000
337.166992187500
337.560058593750
337.953125000000
338.348144531250
338.741210937500
339.131835937500
339.522949218750
339.916015625000
340.308593750000
340.696777343750
341.085937500000
341.472167968750
341.863769531250
342.251464843750
342.639648437500
343.028320312500
343.416992187500
343.803222656250
344.189941406250
344.579589843750
344.970703125000
345.358886718750
345.745605468750
346.135253906250
346.524902343750
346.912109375000
347.297363281250
347.685058593750
348.067382812500
348.457031250000
348.841308593750
349.226562500000
349.611816406250
349.999023437500
350.384765625000
350.769531250000
351.155273437500
351.543945312500
351.930664062500
352.318847656250
352.704101562500
353.088378906250
353.473144531250
353.858398437500
354.243164062500
354.627929687500
355.015625000000
355.401367187500
355.784667968750
356.167968750000
356.553710937500
356.940917968750
357.328125000000
357.716308593750
358.101074218750
358.485839843750
358.873046875000
359.260742187500
359.647949218750
360.033691406250
360.417480468750
360.804199218750
361.189453125000
361.578125000000
361.960937500000
362.347167968750
362.731445312500
363.119140625000
363.507324218750
363.893554687500
364.278808593750
364.667968750000
365.056640625000
365.441894531250
365.826660156250
366.211914062500
366.597656250000
366.982421875000
367.363281250000
367.745605468750
368.128906250000
368.510742187500
368.895507812500
369.276367187500
369.655761718750
370.037597656250
370.416992187500
370.796875000000
371.175292968750
371.555664062500
371.936035156250
372.314941406250
372.690429687500
373.069824218750
373.445800781250
373.826171875000
374.201660156250
374.579589843750
374.958496093750
375.336425781250
375.712890625000
376.089355468750
376.463867187500
376.839355468750
377.215820312500
377.592773437500
377.970703125000
378.348144531250
378.727539062500
379.104003906250
379.480468750000
379.856445312500
380.235839843750
380.614257812500
380.993164062500
381.369628906250
381.746093750000
382.124511718750
382.502929687500
382.882324218750
383.263183593750
383.643066406250
384.019531250000
384.397460937500
384.773437500000
385.154785156250
385.532714843750
385.914550781250
386.290527343750
386.666992187500
387.045410156250
387.424316406250
387.802734375000
388.182617187500
388.562500000000
388.939453125000
389.316894531250
389.694824218750
390.074218750000
390.453125000000
390.829101562500
391.207519531250
391.584960937500
391.964843750000
392.339355468750
392.716308593750
393.091796875000
393.471679687500
393.849121093750
394.223632812500
394.597656250000
394.975585937500
395.351562500000
395.726562500000
396.099609375000
396.472167968750
396.846191406250
397.222167968750
397.595703125000
397.966796875000
398.340820312500
398.716308593750
399.089355468750
399.462402343750
399.835449218750
400.210449218750
400.585937500000
400.960937500000
401.334472656250
401.709472656250
402.083984375000
402.459960937500
402.835449218750
403.212402343750
403.585449218750
403.960937500000
404.337402343750
404.714843750000
405.091308593750
405.467285156250
405.842773437500
406.219238281250
406.596191406250
406.975097656250
407.352539062500
407.726562500000
408.102050781250
408.477050781250
408.854492187500
409.232910156250
409.610351562500
409.989257812500
410.365234375000
410.741699218750
411.119140625000
411.497070312500
411.874511718750
412.252441406250
412.626953125000
413.005371093750
413.380371093750
413.757324218750
414.133300781250
414.514648437500
414.895019531250
415.273437500000
415.649414062500
416.028808593750
416.408691406250
416.791015625000
417.169433593750
417.547851562500
417.925781250000
418.307128906250
418.687011718750
419.069335937500
419.449707031250
419.828125000000
420.206542968750
420.584960937500
420.966308593750
421.348632812500
421.725585937500
422.103515625000
422.483886718750
422.863281250000
423.243164062500
423.621582031250
423.999511718750
424.377441406250
424.757324218750
425.139160156250
425.518066406250
425.897460937500
426.272460937500
426.650878906250
427.030761718750
427.412109375000
427.790039062500
428.166992187500
428.543945312500
428.924804687500
429.304199218750
429.683593750000
430.061523437500
430.439453125000
430.819335937500
431.199218750000
431.579589843750
431.958984375000
432.337402343750
432.713378906250
433.093750000000
433.476074218750
433.854003906250
434.229492187500
434.607421875000
434.986328125000
435.365722656250
435.742187500000
436.119628906250
436.499511718750
436.877441406250
437.257324218750
437.631347656250
438.009765625000
438.385253906250
438.765625000000
439.137207031250
439.516113281250
439.893554687500
440.269042968750
440.641601562500
441.019042968750
441.395996093750
441.772460937500
442.146972656250
442.523925781250
442.902343750000
443.274902343750
443.649414062500
444.023925781250
444.399414062500
444.773925781250
445.150390625000
445.521972656250
445.895507812500
446.271484375000
446.645996093750
447.018066406250
447.389648437500
447.763183593750
448.136718750000
448.508300781250
448.878417968750
449.250976562500
449.621582031250
449.995117187500
450.363769531250
450.735351562500
451.101074218750
451.472167968750
451.841308593750
452.210937500000
452.578125000000
452.945800781250
453.314453125000
453.683105468750
454.049804687500
454.416015625000
454.784179687500
455.151855468750
455.521484375000
455.885742187500
456.253906250000
456.621582031250
456.988281250000
457.353515625000
457.721191406250
458.088378906250
458.455566406250
458.820800781250
459.186035156250
459.553710937500
459.918945312500
460.289062500000
460.653808593750
461.019042968750
461.385253906250
461.755371093750
462.122558593750
462.490722656250
462.857910156250
463.223632812500
463.590332031250
463.960937500000
464.329589843750
464.695800781250
465.062011718750
465.430175781250
465.798339843750
466.164550781250
466.529785156250
466.898437500000
467.266113281250
467.635253906250
467.999511718750
468.367187500000
468.736328125000
469.102050781250
469.464355468750
469.831542968750
470.196289062500
470.562011718750
470.926269531250
471.290039062500
471.656250000000
472.020996093750
472.387207031250
472.750000000000
473.115234375000
473.479980468750
473.845703125000
474.211914062500
474.574707031250
474.938476562500
475.302246093750
475.667480468750
476.031738281250
476.397949218750
476.759277343750
477.124511718750
477.488769531250
477.851074218750
478.211914062500
478.574707031250
478.937988281250
479.300781250000
479.666015625000
480.025390625000
480.387695312500
480.748046875000
481.109863281250
481.472167968750
481.831542968750
482.192382812500
482.553222656250
482.916503906250
483.274414062500
483.635253906250
483.995117187500
484.355957031250
484.716796875000
485.075683593750
485.433593750000
485.794433593750
486.155273437500
486.512695312500
486.871582031250
487.229003906250
487.588867187500
487.948730468750
488.305664062500
488.664550781250
489.021484375000
489.382324218750
489.741210937500
490.101562500000
490.458984375000
490.818359375000
491.175292968750
491.534667968750
491.893554687500
492.251464843750
492.608398437500
492.967285156250
493.328125000000
493.686523437500
494.046386718750
494.404296875000
494.765136718750
495.125000000000
495.484863281250
495.844726562500
496.204101562500
496.564453125000
496.925292968750
497.289062500000
497.648437500000
498.009765625000
498.369628906250
498.729492187500
499.089843750000
499.448242187500
499.806152343750
500.164550781250
500.524414062500
500.884765625000
501.244628906250
501.606933593750
501.963378906250
502.320312500000
502.678222656250
503.034667968750
503.391113281250
503.747070312500
504.103515625000
504.460937500000
504.817382812500
505.174316406250
505.530273437500
505.886718750000
506.242675781250
506.596191406250
506.951171875000
507.307128906250
507.665039062500
508.019042968750
508.374511718750
508.729980468750
509.084960937500
509.439941406250
509.792480468750
510.146484375000
510.501464843750
510.855957031250
511.213378906250
511.566894531250
511.918945312500
512.275878906250
512.628906250000
512.982910156250
513.336914062500
513.691894531250
514.048339843750
514.404785156250
514.757812500000
515.113769531250
515.468750000000
515.823242187500
516.175781250000
516.532714843750
516.886718750000
517.243652343750
517.598632812500
517.952148437500
518.304687500000
518.660644531250
519.015136718750
519.366699218750
519.720703125000
520.074218750000
520.427246093750
520.782226562500
521.136718750000
521.489746093750
521.842285156250
522.195800781250
522.549316406250
522.902832031250
523.253417968750
523.607421875000
523.961914062500
524.315917968750
524.665527343750
525.019531250000
525.371093750000
525.726562500000
526.077636718750
526.429687500000
526.783203125000
527.137207031250
527.491699218750
527.843261718750
528.197265625000
528.551757812500
528.903320312500
529.256347656250
529.608886718750
529.965820312500
530.315917968750
530.668457031250
531.022460937500
531.377929687500
531.728515625000
532.081054687500
532.435058593750
532.789062500000
533.141113281250
533.493164062500
533.848144531250
534.202148437500
534.557617187500
534.910644531250
535.264648437500
535.620117187500
535.975097656250
536.328125000000
536.681152343750
537.038085937500
537.394531250000
537.751953125000
538.104980468750
538.460937500000
538.817871093750
539.175292968750
539.530273437500
539.885253906250
540.242675781250
540.598144531250
540.953613281250
541.308105468750
541.665039062500
542.022949218750
542.378906250000
542.732910156250
543.089843750000
543.448242187500
543.801757812500
544.157226562500
544.513671875000
544.869140625000
545.221191406250
545.575683593750
545.929199218750
546.284667968750
546.640136718750
546.997558593750
547.351074218750
547.702636718750
548.055664062500
548.410644531250
548.766113281250
549.123046875000
549.480468750000
549.833496093750
550.187500000000
550.541992187500
550.898925781250
551.255371093750
551.613281250000
551.971191406250
552.326660156250
552.682128906250
553.040039062500
553.399902343750
553.755371093750
554.111816406250
554.467773437500
554.829101562500
555.187500000000
555.541992187500
555.898925781250
556.257812500000
556.615722656250
556.970703125000
557.327148437500
557.685546875000
558.043945312500
558.402832031250
558.760253906250
559.119628906250
559.479003906250
559.838378906250
560.195312500000
560.555175781250
560.915527343750
561.276367187500
561.634765625000
561.994628906250
562.351562500000
562.710449218750
563.071777343750
563.432617187500
563.788574218750
564.146972656250
564.507324218750
564.866699218750
565.224121093750
565.580078125000
565.939453125000
566.296875000000
566.656250000000
567.016113281250
567.372070312500
567.729980468750
568.088378906250
568.448242187500
568.803222656250
569.159179687500
569.515625000000
569.875976562500
570.230468750000
570.586914062500
570.939941406250
571.297851562500
571.655273437500
572.007812500000
572.360839843750
572.714843750000
573.066406250000
573.422363281250
573.776855468750
574.127929687500
574.479492187500
574.830078125000
575.183105468750
575.537597656250
575.887695312500
576.239257812500
576.590820312500
576.944335937500
577.294921875000
577.645507812500
577.996093750000
578.351562500000
578.703125000000
579.052734375000
579.404785156250
579.756835937500
580.109375000000
580.456542968750
580.807617187500
581.157714843750
581.508300781250
581.862792968750
582.214843750000
582.564941406250
582.915039062500
583.265136718750
583.617187500000
583.970703125000
584.322753906250
584.675292968750
585.023925781250
585.374511718750
585.726074218750
586.074218750000
586.424316406250
586.772460937500
587.123535156250
587.473632812500
587.827148437500
588.176269531250
588.526367187500
588.876953125000
589.227050781250
589.576171875000
589.923828125000
590.273925781250
590.625488281250
590.975585937500
591.322265625000
591.671386718750
592.021484375000
592.369628906250
592.715820312500
593.064453125000
593.410156250000
593.760253906250
594.106445312500
594.452148437500
594.799316406250
595.149902343750
595.494628906250
595.837890625000
596.185058593750
596.531250000000
596.874023437500
597.218750000000
597.563476562500
597.910156250000
598.256347656250
598.600585937500
598.944824218750
599.290039062500
599.633789062500
599.976074218750
600.319824218750
600.663574218750
601.009765625000
601.352050781250
601.695312500000
602.039550781250
602.381835937500
602.721679687500
603.062011718750
603.406738281250
603.750488281250
604.094238281250
604.434570312500
604.779785156250
605.123046875000
605.465820312500
605.807128906250
606.150390625000
606.497070312500
606.837890625000
607.180175781250
607.522949218750
607.866699218750
608.210937500000
608.552246093750
608.894042968750
609.236328125000
609.582519531250
609.926757812500
610.270507812500
610.611816406250
610.956542968750
611.299316406250
611.641601562500
611.982910156250
612.325683593750
612.669921875000
613.012207031250
613.354980468750
613.697265625000
614.041503906250
614.385253906250
614.726562500000
615.068847656250
615.410156250000
615.755859375000
616.095703125000
616.438964843750
616.781738281250
617.125488281250
617.464843750000
617.805175781250
618.146972656250
618.489257812500
618.831054687500
619.176757812500
619.517089843750
619.858886718750
620.200683593750
620.542968750000
620.886230468750
621.229980468750
621.570312500000
621.912597656250
622.253417968750
622.597656250000
622.940429687500
623.282226562500
623.624023437500
623.965820312500
624.311523437500
624.655761718750
625.000976562500
625.344238281250
625.686035156250
626.031250000000
626.375000000000
626.720703125000
627.062988281250
627.406738281250
627.748535156250
628.094238281250
628.438476562500
628.782226562500
629.125000000000
629.466796875000
629.812500000000
630.155761718750
630.501953125000
630.846679687500
631.188964843750
631.533691406250
631.878906250000
632.225097656250
632.565917968750
632.909179687500
633.252929687500
633.600097656250
633.946289062500
634.287597656250
634.631835937500
634.977050781250
635.321777343750
635.663085937500
636.005371093750
636.348632812500
636.694824218750
637.040527343750
637.380859375000
637.725585937500
638.069335937500
638.414062500000
638.755859375000
639.099609375000
639.440429687500
639.783203125000
640.128417968750
640.473632812500
640.815429687500
641.157226562500
641.500000000000
641.846679687500
642.190917968750
642.531738281250
642.875000000000
643.219726562500
643.563476562500
643.904296875000
644.244628906250
644.588867187500
644.932128906250
645.275878906250
645.615722656250
645.958984375000
646.303222656250
646.646484375000
646.986816406250
647.326660156250
647.667968750000
648.013183593750
648.354980468750
648.695800781250
649.038085937500
649.381347656250
649.722167968750
650.062011718750
650.402343750000
650.745605468750
651.050781250000
651.425292968750
651.765625000000
652.104492187500
652.447265625000
652.789062500000
653.127929687500
653.466796875000
653.809082031250
654.150390625000
654.492675781250
654.833007812500
655.174316406250
655.518066406250
655.858886718750
656.198242187500
656.537597656250
656.880859375000
657.222167968750
657.566406250000
657.906738281250
658.247558593750
658.592773437500
658.933593750000
659.273925781250
659.614257812500
659.956542968750
660.298339843750
660.642578125000
660.986816406250
661.326171875000
661.668457031250
662.011230468750
662.355468750000
662.693359375000
663.034179687500
663.375488281250
663.720703125000
664.064453125000
664.403808593750
664.746582031250
665.091308593750
665.431640625000
665.771484375000
666.112792968750
666.455078125000
666.800292968750
667.141601562500
667.479980468750
667.823242187500
668.166503906250
668.509277343750
668.846191406250
669.187988281250
669.527832031250
669.872070312500
670.213867187500
670.552734375000
670.894531250000
671.237304687500
671.578125000000
671.916015625000
672.254882812500
672.596191406250
672.938964843750
673.280761718750
673.617187500000
673.958007812500
674.300781250000
674.640625000000
674.977539062500
675.317382812500
675.657226562500
676
676.339355468750
676.676757812500
677.019042968750
677.358886718750
677.698730468750
678.036132812500
678.375976562500
678.715820312500
679.057617187500
679.400878906250
679.737792968750
680.078125000000
680.421875000000
680.761718750000
681.099609375000
681.437988281250
681.776855468750
682.120605468750
682.461425781250
682.799316406250
683.141113281250
683.485839843750
683.828125000000
684.165527343750
684.503417968750
684.844238281250
685.187011718750
685.526855468750
685.863769531250
686.205566406250
686.544433593750
686.890625000000
687.225585937500
687.565429687500
687.904296875000
688.249023437500
688.585937500000
688.923828125000
689.263671875000
689.604492187500
689.946289062500
690.286132812500
690.625488281250
690.964355468750
691.312011718750
691.649902343750
691.988769531250
692.328125000000
692.667968750000
693.013671875000
693.352539062500
693.693847656250
694.032714843750
694.381347656250
694.718750000000
695.058593750000
695.398925781250
695.738281250000
696.079589843750
696.423828125000
696.764160156250
697.104003906250
697.451660156250
697.791503906250
698.132324218750
698.473144531250
698.814453125000
699.157226562500
699.500488281250
699.840332031250
700.180664062500
700.524902343750
700.871093750000
701.209960937500
701.552246093750
701.892578125000
702.234375000000
702.582031250000
702.918945312500
703.259277343750
703.601562500000
703.949218750000
704.291503906250
704.628906250000
704.968750000000
705.315917968750
705.657714843750
705.995117187500
706.335937500000
706.679687500000
707.024414062500
707.358886718750
707.697753906250
708.036132812500
708.382812500000
708.719726562500
709.056640625000
709.397460937500
709.741699218750
710.089843750000
710.422363281250
710.762207031250
711.099609375000
711.446777343750
711.788574218750
712.122558593750
712.459472656250
712.797851562500
713.136718750000
713.476074218750
713.813476562500
714.151367187500
714.496582031250
714.833496093750
715.168457031250
715.505859375000
715.845214843750
716.186523437500
716.523437500000
716.858398437500
717.197265625000
717.540527343750
717.876953125000
718.210937500000
718.547851562500
718.890136718750
719.229003906250
719.565429687500
719.899902343750
720.244628906250
720.579101562500
720.914062500000
721.247070312500
721.586425781250
721.926269531250
722.261230468750
722.594726562500
722.930175781250
723.273925781250
723.605468750000
723.943359375000
724.273925781250
724.611328125000
724.952636718750
725.291015625000
725.622070312500
725.958496093750
726.300781250000
726.633300781250
726.967285156250
727.299316406250
727.635253906250
727.976562500000
728.309570312500
728.643066406250
728.932617187500
729.304199218750
729.643554687500
729.975097656250
730.310058593750
730.644042968750
730.985839843750
731.319335937500
731.651367187500
731.985839843750
732.326171875000
732.659667968750
732.994140625000
733.324707031250
733.660156250000
734.001953125000
734.335449218750
734.666503906250
735.000976562500
735.341796875000
735.675292968750
736.009765625000
736.342285156250
736.678222656250
737.020019531250
737.352539062500
737.687500000000
738.019042968750
738.354980468750
738.696289062500
739.029785156250
739.361328125000
739.698242187500
740.040039062500
740.375000000000
740.707519531250
741.041992187500
741.384277343750
741.725585937500
742.054687500000
742.393554687500
742.734863281250
743.073242187500
743.403320312500
743.741210937500
744.082519531250
744.418457031250
744.751464843750
745.088867187500
745.431152343750
745.769531250000
746.101562500000
746.435058593750
746.770507812500
747.113769531250
747.445800781250
747.779296875000
748.117675781250
748.455078125000
748.795410156250
749.125976562500
749.459472656250
749.797851562500
750.139648437500
750.470214843750
750.805175781250
751.145996093750
751.484375000000
751.821777343750
752.153808593750
752.493652343750
752.834960937500
753.174804687500
753.507812500000
753.845214843750
754.184082031250
754.528808593750
754.856933593750
755.192871093750
755.536132812500
755.875976562500
756.206542968750
756.545898437500
756.886230468750
757.224609375000
757.563964843750
757.895019531250
758.233886718750
758.572753906250
758.914550781250
759.244628906250
759.583007812500
759.924804687500
760.262207031250
760.600585937500
760.930175781250
761.272460937500
761.614257812500
761.950683593750
762.282226562500
762.623046875000
762.963378906250
763.302734375000
763.634765625000
763.969238281250
764.309082031250
764.652832031250
764.983886718750
765.321289062500
765.663085937500
766.000976562500
766.298339843750
766.667480468750
767.008789062500
767.342773437500
767.677734375000
768.020507812500
768.361328125000
768.690917968750
769.036132812500
769.372558593750
769.705566406250
770.041015625000
770.382324218750
770.715820312500
771.052734375000
771.393554687500
771.725097656250
772.059570312500
772.398437500000
772.736816406250
773.075683593750
773.408691406250
773.739746093750
774.080566406250
774.419921875000
774.751953125000
775.087402343750
775.428222656250
775.766601562500
776.096191406250
776.433105468750
776.772460937500
777.110351562500
777.442871093750
777.779785156250
778.119140625000
778.456542968750
778.789550781250
779.125000000000
779.466308593750
779.802734375000
780.133789062500
780.472656250000
780.812988281250
781.145507812500
781.479980468750
781.821289062500
782.156250000000
782.485839843750
782.824707031250
783.164062500000
783.498535156250
783.829589843750
784.166992187500
784.503417968750
784.839355468750
785.166992187500
785.512207031250
785.847167968750
786.179199218750
786.514160156250
786.854492187500
787.188964843750
787.520019531250
787.860351562500
788.195312500000
788.526855468750
788.859863281250
789.197753906250
789.532714843750
789.861816406250
790.198730468750
790.535156250000
790.872070312500
791.199707031250
791.533203125000
791.867675781250
792.205078125000
792.537597656250
792.868164062500
793.204589843750
793.539550781250
793.874023437500
794.200683593750
794.540527343750
794.870117187500
795.207031250000
795.541503906250
795.870605468750
796.211425781250
796.544433593750
796.875000000000
797.207031250000
797.548339843750
797.878417968750
798.211425781250
798.548339843750
798.885253906250
799.213378906250
799.550292968750
799.885253906250
800.213378906250
800.546386718750
800.884277343750
801.218750000000
801.548828125000
801.884765625000
802.223632812500
802.550292968750
802.891113281250
803.224609375000
803.554687500000
803.885742187500
804.224121093750
804.559082031250
804.891601562500
805.223632812500
805.557128906250
805.895019531250
806.227539062500
806.560058593750
806.897460937500
807.236328125000
807.564453125000
807.900390625000
808.239257812500
808.571289062500
808.901855468750
809.240722656250
809.576171875000
809.905273437500
810.245117187500
810.581542968750
810.914550781250
811.246582031250
811.585449218750
811.922851562500
812.251464843750
812.592773437500
812.928222656250
813.258789062500
813.591308593750
813.931640625000
814.268066406250
814.599609375000
814.937011718750
815.274902343750
815.604492187500
815.940429687500
816.276855468750
816.605957031250
816.941406250000
817.276367187500
817.609375000000
817.940917968750
818.280761718750
818.613769531250
818.943359375000
819.282714843750
819.616699218750
819.946777343750
820.278808593750
820.622070312500
820.948242187500
821.282714843750
821.618652343750
821.950683593750
822.281738281250
822.619140625000
822.950683593750
823.281738281250
823.621093750000
823.952148437500
824.282714843750
824.614257812500
824.949218750000
825.280273437500
825.612792968750
825.949218750000
826.279785156250
826.611328125000
826.946777343750
827.279785156250
827.606445312500
827.945312500000
828.280761718750
828.609863281250
828.942871093750
829.279296875000
829.610351562500
829.939941406250
830.277832031250
830.609375000000
830.938476562500
831.270996093750
831.605468750000
831.935058593750
832.266601562500
832.602539062500
832.936523437500
833.264160156250
833.599121093750
833.932617187500
834.259765625000
834.590332031250
834.924316406250
835.259277343750
835.589355468750
835.921875000000
836.258789062500
836.591796875000
836.919921875000
837.254394531250
837.592773437500
837.917480468750
838.250000000000
838.585937500000
838.918457031250
839.247070312500
839.583984375000
839.919921875000
840.247070312500
840.586914062500
840.918945312500
841.249023437500
841.583007812500
841.918457031250
842.250000000000
842.581054687500
842.918457031250
843.250976562500
843.580566406250
843.915039062500
844.253417968750
844.578613281250
844.913085937500
845.247070312500
845.578125000000
845.908691406250
846.244140625000
846.578125000000
846.905761718750
847.244140625000
847.576660156250
847.905761718750
848.236816406250
848.570800781250
848.903320312500
849.231933593750
849.566894531250
849.898437500000
850.229492187500
850.558593750000
850.898437500000
851.229003906250
851.558105468750
851.892089843750
852.226074218750
852.556152343750
852.888183593750
853.221191406250
853.554687500000
853.883789062500
854.215820312500
854.554199218750
854.882812500000
855.211914062500
855.545410156250
855.878906250000
856.208496093750
856.545898437500
856.876953125000
857.207031250000
857.543945312500
857.875488281250
858.206054687500
858.540527343750
858.876464843750
859.202148437500
859.539062500000
859.872070312500
860.203125000000
860.533203125000
860.869140625000
861.201171875000
861.530761718750
861.867187500000
862.197753906250
862.530273437500
862.864746093750
863.201171875000
863.526367187500
863.860351562500
864.194335937500
864.525390625000
864.855957031250
865.191894531250
865.521484375000
865.853515625000
866.187011718750
866.516113281250
866.847167968750
867.181640625000
867.517089843750
867.844726562500
868.179199218750
868.511718750000
868.843261718750
869.178710937500
869.509765625000
869.838867187500
870.174316406250
870.507324218750
870.834960937500
871.174316406250
871.505371093750
871.835937500000
872.169921875000
872.503906250000
872.833984375000
873.170898437500
873.500000000000
873.833007812500
874.166503906250
874.497070312500
874.830078125000
875.165527343750
875.500488281250
875.827636718750
876.167480468750
876.499511718750
876.829101562500
877.163085937500
877.494140625000
877.824707031250
878.160644531250
878.490722656250
878.824218750000
879.157714843750
879.486328125000
879.822753906250
880.155761718750
880.484863281250
880.817382812500
881.155761718750
881.481933593750
881.818359375000
882.152832031250
882.483398437500
882.820800781250
883.156250000000
883.483398437500
883.820312500000
884.151855468750
884.484375000000
884.818847656250
885.148437500000
885.480957031250
885.813964843750
886.149414062500
886.478027343750
886.819335937500
887.147460937500
887.478027343750
887.812011718750
888.143554687500
888.475097656250
888.809082031250
889.139160156250
889.472167968750
889.807128906250
890.137207031250
890.472167968750
890.802734375000
891.132324218750
891.467773437500
891.799316406250
892.129394531250
892.464355468750
892.793457031250
893.127929687500
893.462402343750
893.791992187500
894.125488281250
894.458984375000
894.788574218750
895.122070312500
895.451660156250
895.783203125000
896.116699218750
896.446289062500
896.778808593750
897.114257812500
897.439453125000
897.777832031250
898.106933593750
898.438476562500
898.773437500000
899.107910156250
899.436523437500
899.769531250000
900.108886718750
900.437988281250
900.770996093750
901.105957031250
901.446289062500
901.776367187500