0.272949218750000
0.961914062500000
1.67285156250000
2.42529296875000
3.14746093750000
3.84375000000000
4.53710937500000
5.22119140625000
5.89746093750000
6.54931640625000
7.18066406250000
7.80468750000000
8.41894531250000
9.02343750000000
9.61328125000000
10.2006835937500
10.7832031250000
11.3657226562500
11.9482421875000
12.5395507812500
13.1572265625000
13.8344726562500
14.5600585937500
15.3212890625000
16.0947265625000
16.8647460937500
17.5776367187500
18.2729492187500
18.9526367187500
19.6000976562500
20.2749023437500
20.9545898437500
21.6225585937500
22.2797851562500
22.9218750000000
23.5932617187500
24.2788085937500
24.9785156250000
25.6508789062500
26.3286132812500
26.9794921875000
27.6337890625000
28.2714843750000
28.8940429687500
29.4990234375000
30.0966796875000
30.7006835937500
31.3115234375000
31.9375000000000
32.5605468750000
33.1733398437500
33.7646484375000
34.3500976562500
34.9345703125000
35.5166015625000
36.1040039062500
36.6889648437500
37.2734375000000
37.8618164062500
38.4526367187500
39.0473632812500
39.6372070312500
40.2373046875000
40.8349609375000
41.4291992187500
42.0302734375000
42.6313476562500
43.2275390625000
43.8413085937500
44.4619140625000
45.0859375000000
45.7089843750000
46.3339843750000
46.9736328125000
47.6030273437500
48.2260742187500
48.8300781250000
49.4360351562500
50.0498046875000
50.6733398437500
51.3071289062500
51.9282226562500
52.5551757812500
53.1889648437500
53.8071289062500
54.4233398437500
55.0400390625000
55.6464843750000
56.2500000000000
56.8745117187500
57.5000000000000
58.1152343750000
58.7275390625000
59.3217773437500
59.9062500000000
60.4838867187500
61.0634765625000
61.6464843750000
62.2304687500000
62.8203125000000
63.4223632812500
64.0131835937500
64.6088867187500
65.2119140625000
65.8320312500000
66.4545898437500
67.0820312500000
67.7202148437500
68.3676757812500
69.0146484375000
69.6591796875000
70.3120117187500
70.9677734375000
71.6269531250000
72.2700195312500
72.9072265625000
73.5458984375000
74.1650390625000
74.7841796875000
75.3955078125000
75.9980468750000
76.5996093750000
77.1972656250000
77.8027343750000
78.4067382812500
79.0156250000000
79.6308593750000
80.2656250000000
80.8935546875000
81.5156250000000
82.1396484375000
82.7646484375000
83.3862304687500
83.9921875000000
84.5996093750000
85.1948242187500
85.7895507812500
86.3886718750000
86.9799804687500
87.5810546875000
88.1923828125000
88.8173828125000
89.4272460937500
90.0400390625000
90.6586914062500
91.2880859375000
91.9023437500000
92.5180664062500
93.1352539062500
93.7309570312500
94.3237304687500
94.8974609375000
95.4887695312500
96.0742187500000
96.6665039062500
97.2597656250000
97.8618164062500
98.4599609375000
99.0654296875000
99.6831054687500
100.284667968750
100.883789062500
101.479980468750
102.078613281250
102.690917968750
103.290039062500
103.888671875000
104.467285156250
105.066894531250
105.663085937500
106.271484375000
106.883300781250
107.491699218750
108.102050781250
108.696777343750
109.290527343750
109.883789062500
110.478027343750
111.063476562500
111.656250000000
112.250000000000
112.841308593750
113.429687500000
114.019042968750
114.600585937500
115.172851562500
115.750976562500
116.317871093750
116.894531250000
117.472167968750
118.039062500000
118.605468750000
119.174316406250
119.748535156250
120.315917968750
120.885742187500
121.468750000000
122.056152343750
122.659667968750
123.271484375000
123.867187500000
124.467773437500
125.062500000000
125.642578125000
126.227539062500
126.806640625000
127.383300781250
127.948242187500
128.513671875000
129.078613281250
129.665039062500
130.265136718750
130.882324218750
131.495605468750
132.101074218750
132.703125000000
133.286132812500
133.873535156250
134.453125000000
135.018554687500
135.583007812500
136.152832031250
136.729492187500
137.313964843750
137.888183593750
138.468750000000
139.049804687500
139.621093750000
140.197265625000
140.765136718750
141.334960937500
141.905273437500
142.477539062500
143.040527343750
143.609375000000
144.181640625000
144.758300781250
145.328613281250
145.906250000000
146.490234375000
147.083496093750
147.661621093750
148.238769531250
148.816894531250
149.383300781250
149.947753906250
150.513671875000
151.085937500000
151.663085937500
152.227539062500
152.785156250000
153.344726562500
153.915039062500
154.489746093750
155.070312500000
155.645507812500
156.209960937500
156.780273437500
157.352050781250
157.898437500000
158.453125000000
159.014648437500
159.568359375000
160.107421875000
160.648437500000
161.196777343750
161.757324218750
162.306640625000
162.851074218750
163.412109375000
163.975585937500
164.532226562500
165.087402343750
165.641113281250
166.209960937500
166.780273437500
167.354003906250
167.923339843750
168.484375000000
169.050292968750
169.600585937500
170.149414062500
170.695312500000
171.237304687500
171.788574218750
172.345703125000
172.899902343750
173.453125000000
173.999023437500
174.554199218750
175.104492187500
175.641113281250
176.180664062500
176.720703125000
177.273437500000
177.805175781250
178.345214843750
178.883789062500
179.430175781250
179.991210937500
180.556152343750
181.124511718750
181.687011718750
182.252441406250
182.810546875000
183.366210937500
183.923339843750
184.481933593750
185.020996093750
185.561523437500
186.094726562500
186.631347656250
187.177246093750
187.717773437500
188.250488281250
188.788574218750
189.325683593750
189.851074218750
190.379882812500
190.920898437500
191.458984375000
191.989746093750
192.520019531250
193.049316406250
193.576171875000
194.106445312500
194.650878906250
195.194824218750
195.740722656250
196.270019531250
196.807128906250
197.350097656250
197.884765625000
198.414550781250
198.949707031250
199.491210937500
200.013671875000
200.541503906250
201.070800781250
201.599609375000
202.137695312500
202.674316406250
203.208007812500
203.733886718750
204.271484375000
204.806152343750
205.326171875000
205.861816406250
206.387207031250
206.913085937500
207.437988281250
207.965332031250
208.503417968750
209.049316406250
209.593261718750
210.132812500000
210.680664062500
211.238281250000
211.796875000000
212.338867187500
212.898925781250
213.438476562500
213.979980468750
214.532714843750
215.063476562500
215.596191406250
216.123535156250
216.645996093750
217.167480468750
217.696777343750
218.225097656250
218.751464843750
219.283203125000
219.819824218750
220.338378906250
220.868164062500
221.391113281250
221.908691406250
222.424804687500
222.945312500000
223.475585937500
224.013671875000
224.536621093750
225.074218750000
225.609375000000
226.135253906250
226.666015625000
227.196289062500
227.717773437500
228.244140625000
228.771484375000
229.287109375000
229.803710937500
230.318847656250
230.838378906250
231.367675781250
231.876953125000
232.395996093750
232.918945312500
233.434570312500
233.950195312500
234.469726562500
234.990722656250
235.519531250000
236.062500000000
236.608886718750
237.145019531250
237.681640625000
238.220703125000
238.746582031250
239.268066406250
239.797363281250
240.318359375000
240.834472656250
241.357910156250
241.891113281250
242.408691406250
242.934570312500
243.474609375000
243.993652343750
244.517578125000
245.041992187500
245.580078125000
246.097656250000
246.619140625000
247.147949218750
247.673828125000
248.189941406250
248.715820312500
249.240722656250
249.758789062500
250.281738281250
250.803222656250
251.331542968750
251.872558593750
252.392578125000
252.924804687500
253.468750000000
253.987304687500
254.518554687500
255.049804687500
255.570312500000
256.092773437500
256.614257812500
257.139648437500
257.658203125000
258.185058593750
258.717773437500
259.229980468750
259.754882812500
260.279296875000
260.818359375000
261.355957031250
261.887207031250
262.438476562500
262.990722656250
263.523925781250
264.070312500000
264.630859375000
265.163574218750
265.725585937500
266.283203125000
266.826171875000
267.385253906250
267.931152343750
268.475097656250
269.024414062500
269.579589843750
270.116699218750
270.670898437500
271.216796875000
271.744140625000
272.284179687500
272.835449218750
273.382812500000
273.915527343750
274.461914062500
275.001464843750
275.527343750000
276.050292968750
276.569335937500
277.088867187500
277.618164062500
278.138183593750
278.656738281250
279.187011718750
279.703613281250
280.226562500000
280.751953125000
281.271972656250
281.798828125000
282.319824218750
282.835937500000
283.354492187500
283.865722656250
284.380371093750
284.899902343750
285.410644531250
285.921386718750
286.443359375000
286.953613281250
287.462890625000
287.984863281250
288.497070312500
289.005371093750
289.517578125000
290.030761718750
290.535644531250
291.042480468750
291.547363281250
292.050292968750
292.556640625000
293.071289062500
293.592773437500
294.106933593750
294.625000000000
295.147949218750
295.665039062500
296.187500000000
296.710937500000
297.222656250000
297.736328125000
298.250976562500
298.765625000000
299.282714843750
299.796875000000
300.305664062500
300.818847656250
301.336914062500
301.848632812500
302.359375000000
302.874023437500
303.381835937500
303.883300781250
304.392578125000
304.895507812500
305.392578125000
305.895019531250
306.393066406250
306.890136718750
307.392578125000
307.890625000000
308.391113281250
308.885742187500
309.379394531250
309.878417968750
310.375488281250
310.866210937500
311.353515625000
311.846679687500
312.336425781250
312.822753906250
313.306640625000
313.796386718750
314.287109375000
314.770996093750
315.250488281250
315.736328125000
316.221191406250
316.702148437500
317.180664062500
317.661621093750
318.146972656250
318.633789062500
319.111328125000
319.593261718750
320.076660156250
320.555664062500
321.033691406250
321.516113281250
321.992675781250
322.473632812500
322.950683593750
323.429199218750
323.904296875000
324.377929687500
324.849609375000
325.321289062500
325.797363281250
326.271972656250
326.737792968750
327.205078125000
327.678222656250
328.141601562500
328.607421875000
329.068847656250
329.528320312500
329.993652343750
330.459960937500
330.923339843750
331.383789062500
331.846679687500
332.314453125000
332.774414062500
333.236816406250
333.700195312500
334.160156250000
334.631835937500
335.094726562500
335.555175781250
336.017089843750
336.478515625000
336.948242187500
337.406250000000
337.865234375000
338.324707031250
338.783691406250
339.244140625000
339.703125000000
340.160156250000
340.616210937500
341.072753906250
341.533203125000
341.993164062500
342.455078125000
342.913574218750
343.369140625000
343.830566406250
344.292480468750
344.751953125000
345.210449218750
345.664550781250
346.124023437500
346.515625000000
347.041015625000
347.498535156250
347.954589843750
348.411621093750
348.869628906250
349.332031250000
349.791992187500
350.253906250000
350.715332031250
351.178222656250
351.643066406250
352.097167968750
352.554687500000
353.016113281250
353.475585937500
353.936035156250
354.395507812500
354.850585937500
355.313964843750
355.778808593750
356.235351562500
356.692871093750
357.148925781250
357.604003906250
358.057617187500
358.513183593750
358.963867187500
359.416015625000
359.872070312500
360.323730468750
360.774414062500
361.227539062500
361.677734375000
362.133300781250
362.585937500000
363.039550781250
363.485351562500
363.931152343750
364.380859375000
364.831054687500
365.279296875000
365.722656250000
366.162597656250
366.607910156250
367.050292968750
367.494140625000
367.936035156250
368.370605468750
368.810546875000
369.249511718750
369.690917968750
370.131835937500
370.571289062500
371.005859375000
371.440429687500
371.882324218750
372.320800781250
372.759765625000
373.199218750000
373.632324218750
374.069335937500
374.503906250000
374.947753906250
375.384765625000
375.823242187500
376.259277343750
376.696777343750
377.134277343750
377.570312500000
378.012207031250
378.446289062500
378.881835937500
379.314941406250
379.745117187500
380.180664062500
380.613769531250
381.049316406250
381.483398437500
381.914062500000
382.343261718750
382.768554687500
383.200683593750
383.628906250000
384.063964843750
384.495117187500
384.928222656250
385.356445312500
385.788085937500
386.213378906250
386.642578125000
387.073730468750
387.507812500000
387.942382812500
388.374023437500
388.802246093750
389.233398437500
389.663085937500
390.096191406250
390.525878906250
390.962402343750
391.394531250000
391.826171875000
392.257324218750
392.686035156250
393.118652343750
393.553222656250
393.986328125000
394.416992187500
394.851074218750
395.283203125000
395.716796875000
396.150390625000
396.585937500000
397.024902343750
397.458007812500
397.890136718750
398.322265625000
398.750976562500
399.185546875000
399.619140625000
400.056152343750
400.489257812500
400.920410156250
401.352050781250
401.781250000000
402.214355468750
402.647949218750
403.083496093750
403.511230468750
403.939453125000
404.368652343750
404.796386718750
405.228515625000
405.662109375000
406.096679687500
406.529785156250
406.960937500000
407.391601562500
407.819335937500
408.251464843750
408.684082031250
409.118652343750
409.551757812500
409.985351562500
410.415039062500
410.842285156250
411.270996093750
411.694824218750
412.124511718750
412.555175781250
412.986816406250
413.415527343750
413.843750000000
414.268554687500
414.694824218750
415.117187500000
415.540039062500
415.967285156250
416.391601562500
416.815917968750
417.237304687500
417.658691406250
418.078125000000
418.495117187500
418.914550781250
419.330078125000
419.752441406250
420.173828125000
420.599121093750
421.021972656250
421.440917968750
421.860351562500
422.279785156250
422.698242187500
423.116210937500
423.535644531250
423.955566406250
424.376953125000
424.797851562500
425.219726562500
425.638183593750
426.054687500000
426.470214843750
426.882812500000
427.297363281250
427.711425781250
428.125976562500
428.542480468750
428.942382812500
429.374023437500
429.794433593750
430.210449218750
430.625488281250
431.039550781250
431.450195312500
431.865234375000
432.275390625000
432.690429687500
433.103027343750
433.517089843750
433.931152343750
434.349609375000
434.763671875000
435.179199218750
435.592773437500
436.005371093750
436.416015625000
436.829589843750
437.240722656250
437.650390625000
438.062988281250
438.474609375000
438.890136718750
439.305175781250
439.725097656250
440.139648437500
440.554199218750
440.968261718750
441.378906250000
441.790527343750
442.197753906250
442.608886718750
443.018066406250
443.430175781250
443.836425781250
444.248535156250
444.657714843750
445.076171875000
445.488769531250
445.904296875000
446.314941406250
446.726074218750
447.133300781250
447.540527343750
447.950195312500
448.358398437500
448.766113281250
449.173339843750
449.583007812500
449.991210937500
450.401855468750
450.812988281250
451.227050781250
451.639160156250
452.048828125000
452.458984375000
452.868164062500
453.277343750000
453.683105468750
454.089843750000
454.497558593750
454.904785156250
455.313476562500
455.725097656250
456.132812500000
456.542968750000
456.953125000000
457.360351562500
457.766113281250
458.170898437500
458.574707031250
458.979980468750
459.385253906250
459.791992187500
460.200195312500
460.605468750000
461.016601562500
461.423339843750
461.830078125000
462.236816406250
462.641113281250
463.047851562500
463.453613281250
463.859375000000
464.264160156250
464.672363281250
465.078613281250
465.486328125000
465.895507812500
466.304199218750
466.710449218750
467.117187500000
467.522460937500
467.926757812500
468.334472656250
468.741699218750
469.148925781250
469.551757812500
469.958984375000
470.365234375000
470.773925781250
471.181640625000
471.592285156250
472
472.409179687500
472.814453125000
473.219726562500
473.625488281250
474.024902343750
474.431152343750
474.832031250000
475.236816406250
475.638671875000
476.042968750000
476.444824218750
476.848632812500
477.251464843750
477.649414062500
478.046386718750
478.444824218750
478.842285156250
479.237792968750
479.634765625000
480.028808593750
480.428222656250
480.825683593750
481.227539062500
481.627441406250
482.031250000000
482.435546875000
482.835937500000
483.234863281250
483.635253906250
484.034667968750
484.435546875000
484.834472656250
485.230957031250
485.632324218750
486.030761718750
486.430664062500
486.833496093750
487.238281250000
487.640625000000
488.042968750000
488.445800781250
488.851074218750
489.250976562500
489.651855468750
490.053222656250
490.450683593750
490.851074218750
491.249023437500
491.648925781250
492.046875000000
492.446777343750
492.845214843750
493.248046875000
493.647460937500
494.048339843750
494.446289062500
494.844726562500
495.244140625000
495.644042968750
496.041503906250
496.436035156250
496.830566406250
497.224609375000
497.620117187500
498.015136718750
498.407714843750
498.802734375000
499.198242187500
499.592773437500
499.988281250000
500.381835937500
500.778808593750
501.173339843750
501.569824218750
501.963867187500
502.358886718750
502.749511718750
503.142089843750
503.533203125000
503.923828125000
504.316406250000
504.703125000000
505.096191406250
505.485839843750
505.881835937500
506.272460937500
506.665039062500
507.054687500000
507.450683593750
507.842773437500
508.235351562500
508.625488281250
509.016601562500
509.405761718750
509.796386718750
510.184570312500
510.570800781250
510.958984375000
511.344238281250
511.735351562500
512.124023437500
512.515136718750
512.899414062500
513.290527343750
513.677246093750
514.068359375000
514.456542968750
514.846679687500
515.234863281250
515.625976562500
516.015136718750
516.406250000000
516.795898437500
517.180664062500
517.569824218750
517.954101562500
518.342773437500
518.727539062500
519.115234375000
519.498535156250
519.886230468750
520.271972656250
520.661132812500
521.040527343750
521.429199218750
521.812988281250
522.202636718750
522.587402343750
522.977539062500
523.363281250000
523.752441406250
524.141113281250
524.530761718750
524.916992187500
525.304199218750
525.687500000000
526.074218750000
526.458984375000
526.841796875000
527.226562500000
527.608886718750
527.992187500000
528.375000000000
528.757812500000
529.135742187500
529.520996093750
529.900878906250
530.283203125000
530.663574218750
531.046386718750
531.424316406250
531.805664062500
532.187988281250
532.571289062500
532.950195312500
533.333007812500
533.713378906250
534.096679687500
534.477050781250
534.860839843750
535.242187500000
535.627929687500
536.008789062500
536.391601562500
536.771972656250
537.153808593750
537.537597656250
537.919433593750
538.299316406250
538.681640625000
539.061523437500
539.437500000000
539.820312500000
540.200195312500
540.579589843750
540.958007812500
541.337890625000
541.713378906250
542.092773437500
542.470703125000
542.851074218750
543.228515625000
543.604980468750
543.983398437500
544.365234375000
544.740722656250
545.120117187500
545.500000000000
545.878906250000
546.257812500000
546.639160156250
547.017578125000
547.401367187500
547.782226562500
548.166015625000
548.547363281250
548.930664062500
549.310546875000
549.690429687500
550.070800781250
550.448242187500
550.828125000000
551.206054687500
551.587890625000
551.968261718750
552.348632812500
552.727539062500
553.110839843750
553.491210937500
553.874511718750
554.252441406250
554.635253906250
555.015136718750
555.398437500000
555.775878906250
556.161132812500
556.541503906250
556.926269531250
557.309082031250
557.689941406250
558.070800781250
558.452148437500
558.831542968750
559.210937500000
559.589355468750
559.967773437500
560.344726562500
560.721191406250
561.099609375000
561.478027343750
561.854980468750
562.230468750000
562.607910156250
562.983398437500
563.359375000000
563.733886718750
564.110839843750
564.485839843750
564.863281250000
565.241699218750
565.615234375000
565.990722656250
566.368164062500
566.742187500000
567.120605468750
567.498535156250
567.874023437500
568.250488281250
568.627441406250
569.001953125000
569.382324218750
569.758789062500
570.134277343750
570.509277343750
570.884277343750
571.258789062500
571.632812500000
572.007324218750
572.380859375000
572.757812500000
573.130859375000
573.506835937500
573.879394531250
574.254394531250
574.629882812500
575.002441406250
575.375488281250
575.750000000000
576.120117187500
576.498046875000
576.867675781250
577.242675781250
577.613281250000
577.986328125000
578.358886718750
578.733886718750
579.103027343750
579.480468750000
579.847656250000
580.221679687500
580.595703125000
580.970214843750
581.339843750000
581.714843750000
582.087402343750
582.464355468750
582.838867187500
583.210937500000
583.583007812500
583.955078125000
584.326171875000
584.697753906250
585.070312500000
585.439941406250
585.812011718750
586.180664062500
586.548828125000
586.919921875000
587.290039062500
587.658203125000
588.027343750000
588.392578125000
588.763671875000
589.134765625000
589.501953125000
589.871093750000
590.240234375000
590.607421875000
590.972656250000
591.341308593750
591.710937500000
592.079589843750
592.446777343750
592.813476562500
593.181640625000
593.549316406250
593.920410156250
594.287109375000
594.656250000000
595.023437500000
595.391113281250
595.757812500000
596.126953125000
596.492675781250
596.861328125000
597.226562500000
597.595703125000
597.963867187500
598.331542968750
598.696777343750
599.065429687500
599.432128906250
599.800292968750
600.166015625000
600.533203125000
600.897949218750
601.265136718750
601.632812500000
602
602.366210937500
602.733886718750
603.095214843750
603.463867187500
603.831054687500
604.197753906250
604.564453125000
604.931640625000
605.293945312500
605.662597656250
606.028808593750
606.396484375000
606.762695312500
607.126953125000
607.487304687500
607.858398437500
608.224121093750
608.591796875000
608.954589843750
609.319335937500
609.685546875000
610.051757812500
610.416503906250
610.782714843750
611.143066406250
611.509277343750
611.873535156250
612.240722656250
612.603515625000
612.969238281250
613.332031250000
613.696777343750
614.060546875000
614.425781250000
614.793457031250
615.162109375000
615.524414062500
615.891601562500
616.257324218750
616.624023437500
616.990722656250
617.360839843750
617.728027343750
618.094726562500
618.462402343750
618.834960937500
619.203125000000
619.574707031250
619.938476562500
620.310546875000
620.678222656250
621.053710937500
621.422363281250
621.791015625000
622.157226562500
622.530761718750
622.898925781250
623.270019531250
623.636230468750
624.002441406250
624.370117187500
624.740234375000
625.106445312500
625.473144531250
625.835937500000
626.200195312500
626.564453125000
626.929687500000
627.294433593750
627.655761718750
628.018554687500
628.381835937500
628.745605468750
629.107910156250
629.469726562500
629.829589843750
630.187500000000
630.549804687500
630.912597656250
631.273925781250
631.628906250000
631.988769531250
632.351074218750
632.710449218750
633.071289062500
633.430175781250
633.789062500000
634.145019531250
634.506835937500
634.866699218750
635.224121093750
635.580078125000
635.938476562500
636.298339843750
636.656738281250
637.014648437500
637.371093750000
637.728027343750
638.086425781250
638.443847656250
638.800292968750
639.158203125000
639.516601562500
639.874511718750
640.233886718750
640.587402343750
640.941406250000
641.296875000000
641.654296875000
642.008789062500
642.363281250000
642.718261718750
643.071777343750
643.430664062500
643.788085937500
644.140136718750
644.493652343750
644.851562500000
645.208984375000
645.563476562500
645.916015625000
646.271972656250
646.625000000000
646.982421875000
647.336914062500
647.691894531250
648.042968750000
648.399902343750
648.757324218750
649.112792968750
649.464843750000
649.821777343750
650.173339843750
650.533203125000
650.887207031250
651.243164062500
651.594238281250
651.948730468750
652.304199218750
652.664550781250
653.014648437500
653.370605468750
653.718750000000
654.073730468750
654.430664062500
654.784667968750
655.133789062500
655.488281250000
655.838867187500
656.195800781250
656.548828125000
656.899902343750
657.254394531250
657.610351562500
657.963378906250
658.317871093750
658.669921875000
659.022949218750
659.375000000000
659.730957031250
660.081542968750
660.433593750000
660.785156250000
661.139160156250
661.492187500000
661.846679687500
662.202148437500
662.548828125000
662.897949218750
663.250000000000
663.602050781250
663.954101562500
664.304199218750
664.652343750000
665.002441406250
665.355957031250
665.707519531250
666.057128906250
666.409667968750
666.758789062500
667.114257812500
667.464843750000
667.820800781250
668.167968750000
668.523437500000
668.872070312500
669.228027343750
669.578613281250
669.933593750000
670.281738281250
670.639648437500
670.987304687500
671.343261718750
671.687011718750
672.043457031250
672.395507812500
672.748535156250
673.098632812500
673.447265625000
673.798339843750
674.153320312500
674.501464843750
674.853515625000
675.196777343750
675.549316406250
675.903320312500
676.252929687500
676.602539062500
676.946289062500
677.295898437500
677.649414062500
677.997070312500
678.341308593750
678.690917968750
679.038574218750
679.385742187500
679.739746093750
680.087402343750
680.431152343750
680.781738281250
681.133789062500
681.478515625000
681.820312500000
682.170898437500
682.523437500000
682.868652343750