0.378906250000000
0.871582031250000
1.35791015625000
1.84277343750000
2.32714843750000
2.81347656250000
3.29345703125000
3.77392578125000
4.25976562500000
4.76562500000000
5.27978515625000
5.78759765625000
6.29980468750000
6.82812500000000
7.35888671875000
7.89794921875000
8.42871093750000
8.94726562500000
9.45947265625000
9.97167968750000
10.4838867187500
10.9980468750000
11.5073242187500
12.0161132812500
12.5239257812500
13.0327148437500
13.5405273437500
14.0415039062500
14.5395507812500
15.0312500000000
15.5205078125000
16.0068359375000
16.4912109375000
16.9692382812500
17.4458007812500
17.9184570312500
18.3911132812500
18.8598632812500
19.3247070312500
19.7836914062500
20.2426757812500
20.6992187500000
21.1601562500000
21.6201171875000
22.0786132812500
22.5312500000000
22.9785156250000
23.4272460937500
23.8764648437500
24.3281250000000
24.7812500000000
25.2348632812500
25.6840820312500
26.1313476562500
26.5742187500000
27.0214843750000
27.4687500000000
27.9145507812500
28.3598632812500
28.8046875000000
29.2460937500000
29.6865234375000
30.1254882812500
30.5654296875000
31.0078125000000
31.4497070312500
31.8920898437500
32.3320312500000
32.7700195312500
33.2114257812500
33.6533203125000
34.0966796875000
34.5400390625000
34.9814453125000
35.4194335937500
35.8544921875000
36.2895507812500
36.7265625000000
37.1601562500000
37.5961914062500
38.0312500000000
38.4667968750000
38.8979492187500
39.3276367187500
39.7607421875000
40.1943359375000
40.6254882812500
41.0546875000000
41.4819335937500
41.9106445312500
42.3383789062500
42.7670898437500
43.1982421875000
43.6269531250000
44.0537109375000
44.4785156250000
44.9003906250000
45.3281250000000
45.7563476562500
46.1870117187500
46.6157226562500
47.0483398437500
47.4775390625000
47.9062500000000
48.3310546875000
48.7553710937500
49.1816406250000
49.6103515625000
50.0390625000000
50.4653320312500
50.8920898437500
51.3183593750000
51.7416992187500
52.1655273437500
52.5927734375000
53.0214843750000
53.4511718750000
53.8784179687500
54.3061523437500
54.7314453125000
55.1508789062500
55.5756835937500
55.9990234375000
56.4218750000000
56.8437500000000
57.2651367187500
57.6850585937500
58.1015625000000
58.5161132812500
58.9316406250000
59.3466796875000
59.7661132812500
60.1840820312500
60.6015625000000
61.0190429687500
61.4365234375000
61.8525390625000
62.2666015625000
62.6796875000000
63.0952148437500
63.5112304687500
63.9296875000000
64.3447265625000
64.7602539062500
65.1762695312500
65.5917968750000
66.0014648437500
66.4160156250000
66.8295898437500
67.2426757812500
67.6542968750000
68.0644531250000
68.4721679687500
68.8813476562500
69.2939453125000
69.7094726562500
70.1245117187500
70.5410156250000
70.9589843750000
71.3764648437500
71.7905273437500
72.2036132812500
72.6235351562500
73.0390625000000
73.4580078125000
73.8764648437500
74.2954101562500
74.7163085937500
75.1347656250000
75.5546875000000
75.9741210937500
76.3920898437500
76.8115234375000
77.2285156250000
77.6469726562500
78.0649414062500
78.4838867187500
78.9033203125000
79.3203125000000
79.7358398437500
80.1513671875000
80.5693359375000
80.9863281250000
81.4042968750000
81.8217773437500
82.2416992187500
82.6567382812500
83.0766601562500
83.4970703125000
83.9213867187500
84.3432617187500
84.7661132812500
85.1875000000000
85.6093750000000
86.0322265625000
86.4565429687500
86.8779296875000
87.2988281250000
87.7197265625000
88.1420898437500
88.5654296875000
88.9873046875000
89.4091796875000
89.8305664062500
90.2509765625000
90.6728515625000
91.0932617187500
91.5161132812500
91.9355468750000
92.3559570312500
92.7734375000000
93.1894531250000
93.6074218750000
94.0244140625000
94.4438476562500
94.8623046875000
95.2822265625000
95.7036132812500
96.1240234375000
96.5434570312500
96.9638671875000
97.3867187500000
97.8125000000000
98.2343750000000
98.6577148437500
99.0791015625000
99.4985351562500
99.9155273437500
100.333984375000
100.753906250000
101.173339843750
101.592773437500
102.013183593750
102.432128906250
102.850585937500
103.267578125000
103.686523437500
104.109863281250
104.532714843750
104.961425781250
105.388671875000
105.812500000000
106.241699218750
106.665039062500
107.088378906250
107.508789062500
107.927734375000
108.344726562500
108.766113281250
109.191406250000
109.616699218750
110.041992187500
110.468261718750
110.893554687500
111.321289062500
111.746093750000
112.172851562500
112.596191406250
113.017089843750
113.438476562500
113.862304687500
114.290527343750
114.718261718750
115.145019531250
115.571289062500
115.995117187500
116.417968750000
116.842773437500
117.266113281250
117.694824218750
118.123046875000
118.550781250000
118.977050781250
119.404785156250
119.830566406250
120.256835937500
120.683105468750
121.113281250000
121.544433593750
121.971191406250
122.398925781250
122.822265625000
123.246582031250
123.673339843750
124.096679687500
124.529296875000
124.956054687500
125.382812500000
125.806152343750
126.227539062500
126.655273437500
127.079101562500
127.503906250000
127.930175781250
128.354492187500
128.778808593750
129.199707031250
129.617675781250
130.034667968750
130.453125000000
130.870605468750
131.288085937500
131.704101562500
132.118652343750
132.536621093750
132.953125000000
133.373535156250
133.792968750000
134.212402343750
134.634765625000
135.054199218750
135.469238281250
135.890625000000
136.312988281250
136.734863281250
137.155761718750
137.576660156250
137.995117187500
138.410156250000
138.827148437500
139.241699218750
139.656250000000
140.076171875000
140.492187500000
140.910644531250
141.327636718750
141.740722656250
142.155273437500
142.570800781250
142.988281250000
143.400390625000
143.813964843750
144.227539062500
144.638671875000
145.049316406250
145.458496093750
145.871093750000
146.280761718750
146.689453125000
147.101074218750
147.507812500000
147.914062500000
148.320312500000
148.727539062500
149.138671875000
149.547851562500
149.956054687500
150.364746093750
150.772460937500
151.178222656250
151.581054687500
151.986328125000
152.392578125000
152.802246093750
153.209472656250
153.614746093750
154.022949218750
154.429199218750
154.834960937500
155.240234375000
155.644531250000
156.051757812500
156.460449218750
156.867675781250
157.274414062500
157.681152343750
158.086914062500
158.491210937500
158.896972656250
159.299316406250
159.705078125000
160.112304687500
160.515625000000
160.922363281250
161.326171875000
161.729003906250
162.133789062500
162.541015625000
162.950195312500
163.360351562500
163.772460937500
164.180175781250
164.586425781250
164.990722656250
165.391601562500
165.794921875000
166.194824218750
166.593750000000
166.994628906250
167.392578125000
167.790527343750
168.190429687500
168.592285156250
168.992187500000
169.390625000000
169.793945312500
170.194335937500
170.595214843750
170.997558593750
171.396484375000
171.796386718750
172.196777343750
172.601562500000
173.009277343750
173.415527343750
173.821777343750
174.228027343750
174.637207031250
175.041992187500
175.447265625000
175.856933593750
176.263671875000
176.671875000000
177.076660156250
177.480957031250
177.884765625000
178.290527343750
178.697265625000
179.101074218750
179.504394531250
179.907226562500
180.312011718750
180.711914062500
181.113281250000
181.516601562500
181.918945312500
182.319335937500
182.719726562500
183.117675781250
183.517089843750
183.913574218750
184.312500000000
184.710937500000
185.108886718750
185.508300781250
185.903808593750
186.300292968750
186.697753906250
187.093750000000
187.491699218750
187.886230468750
188.280761718750
188.673828125000
189.068359375000
189.462890625000
189.859375000000
190.255371093750
190.649902343750
191.047363281250
191.440917968750
191.834960937500
192.228515625000
192.625488281250
193.023437500000
193.420410156250
193.815429687500
194.212890625000
194.609863281250
195.005371093750
195.398437500000
195.791015625000
196.185546875000
196.578125000000
196.971191406250
197.367187500000
197.763183593750
198.157226562500
198.553222656250
198.946777343750
199.337890625000
199.733886718750
200.130859375000
200.524414062500
200.922363281250
201.321289062500
201.719238281250
202.115234375000
202.510742187500
202.907714843750
203.306152343750
203.702148437500
204.097167968750
204.492187500000
204.884277343750
205.275390625000
205.665527343750
206.054687500000
206.445312500000
206.835937500000
207.222167968750
207.609375000000
207.997558593750
208.381835937500
208.765136718750
209.147949218750
209.532714843750
209.916015625000
210.299316406250
210.681640625000
211.064453125000
211.446777343750
211.827148437500
212.206542968750
212.589843750000
212.972656250000
213.356445312500
213.738281250000
214.123535156250
214.506347656250
214.890625000000
215.273437500000
215.658203125000
216.043945312500
216.431152343750
216.820312500000
217.207031250000
217.593750000000
217.979003906250
218.362304687500
218.744140625000
219.126464843750
219.509765625000
219.892089843750
220.276367187500
220.659667968750
221.041992187500
221.428710937500
221.814941406250
222.202148437500
222.586425781250
222.974609375000
223.360839843750
223.745117187500
224.133300781250
224.520996093750
224.906250000000
225.293457031250
225.679687500000
226.065429687500
226.451660156250
226.834960937500
227.218750000000
227.604003906250
227.991699218750
228.376953125000
228.765625000000
229.151855468750
229.539062500000
229.922363281250
230.307128906250
230.695312500000
231.081542968750
231.467773437500
231.852050781250
232.235839843750
232.622558593750
233.006347656250
233.389160156250
233.770996093750
234.155761718750
234.539550781250
234.923828125000
235.307128906250
235.692871093750
236.077636718750
236.460937500000
236.844726562500
237.226562500000
237.608886718750
237.990234375000
238.373535156250
238.755859375000
239.135742187500
239.517578125000
239.897949218750
240.277832031250
240.656738281250
241.033203125000
241.411621093750
241.789062500000
242.165527343750
242.542480468750
242.920410156250
243.297363281250
243.671386718750
244.050781250000
244.431152343750
244.810546875000
245.187988281250
245.567382812500
245.945312500000
246.324218750000
246.703125000000
247.081054687500
247.461425781250
247.842773437500
248.222167968750
248.605957031250
248.986328125000
249.367675781250
249.750000000000
250.132324218750
250.514160156250
250.897460937500
251.276855468750
251.658203125000
252.038574218750
252.421386718750
252.800292968750
253.179687500000
253.560058593750
253.938476562500
254.321289062500
254.701660156250
255.080078125000
255.460449218750
255.835937500000
256.218261718750
256.594726562500
256.971191406250
257.347656250000
257.723144531250
258.097167968750
258.476074218750
258.852050781250
259.227050781250
259.601562500000
259.979980468750
260.355957031250
260.734863281250
261.111328125000
261.490234375000
261.868164062500
262.251464843750
262.632812500000
263.014160156250
263.393066406250
263.773925781250
264.156738281250
264.537109375000
264.917480468750
265.297363281250
265.677734375000
266.057617187500
266.437500000000
266.819824218750
267.196289062500
267.578125000000
267.958984375000
268.340820312500
268.722167968750
269.102539062500
269.485839843750
269.861328125000
270.242187500000
270.624023437500
271.002929687500
271.382812500000
271.761230468750
272.144042968750
272.524414062500
272.905761718750
273.287109375000
273.666992187500
274.047363281250
274.427246093750
274.806640625000
275.187500000000
275.564941406250
275.946289062500
276.326171875000
276.708007812500
277.086914062500
277.468261718750
277.846679687500
278.226074218750
278.604980468750
278.988281250000
279.368652343750
279.747558593750
280.125488281250
280.507324218750
280.882812500000
281.265625000000
281.643066406250
282.020507812500
282.396972656250
282.772949218750
283.147949218750
283.522460937500
283.894531250000
284.267578125000
284.640625000000
285.012695312500
285.384765625000
285.756835937500
286.125976562500
286.495117187500
286.866699218750
287.236816406250
287.609375000000
287.977539062500
288.345214843750
288.716308593750
289.085937500000
289.454101562500
289.825195312500
290.192871093750
290.562500000000
290.932617187500
291.301269531250
291.671386718750
292.037597656250
292.406738281250
292.773437500000
293.143066406250
293.511230468750
293.880859375000
294.249023437500
294.618652343750
294.986816406250
295.356445312500
295.726562500000
296.096679687500
296.467285156250
296.837890625000
297.211425781250
297.583496093750
297.955078125000
298.327636718750
298.701660156250
299.077636718750
299.450683593750
299.826660156250
300.201660156250
300.576660156250
300.953125000000
301.329101562500
301.701171875000
302.071777343750
302.446777343750
302.820312500000
303.194335937500
303.567871093750
303.941894531250
304.315429687500
304.688476562500
305.062988281250
305.437500000000
305.810058593750
306.183105468750
306.554687500000
306.925781250000
307.298828125000
307.671875000000
308.046386718750
308.416992187500
308.790039062500
309.162109375000
309.537597656250
309.907714843750
310.279785156250
310.652832031250
311.022949218750
311.394042968750
311.767578125000
312.138671875000
312.510253906250
312.882324218750
313.252441406250
313.623535156250
313.991210937500
314.362304687500
314.731933593750
315.101562500000
315.469238281250
315.840820312500
316.208496093750
316.578613281250
316.945800781250
317.311523437500
317.680175781250
318.048828125000
318.415527343750
318.786621093750
319.147949218750
319.512695312500
319.880371093750
320.246582031250
320.612304687500
320.978515625000
321.344238281250
321.710937500000
322.080078125000
322.447265625000
322.815917968750
323.186523437500
323.554687500000
323.921386718750
324.288085937500
324.656738281250
325.020507812500
325.383789062500
325.750000000000
326.115722656250
326.479003906250
326.844726562500
327.206054687500
327.571777343750
327.937500000000
328.300292968750
328.665527343750
329.030273437500
329.397949218750
329.763671875000
330.129882812500
330.496093750000
330.864257812500
331.229980468750
331.598144531250
331.966796875000
332.335937500000
332.704589843750
333.075195312500
333.444335937500
333.813476562500
334.182128906250
334.553222656250
334.924316406250
335.295898437500
335.662597656250
336.031738281250
336.400390625000
336.768066406250
337.135742187500
337.502441406250
337.870605468750
338.237792968750
338.604492187500
338.969238281250
339.337890625000
339.709472656250
340.078125000000
340.443847656250
340.812011718750
341.180175781250
341.547363281250
341.912597656250
342.279785156250
342.646972656250
343.011718750000
343.378417968750
343.744140625000
344.109375000000
344.477539062500
344.844726562500
345.210449218750
345.578125000000
345.943847656250
346.311523437500
346.679199218750
347.048828125000
347.415527343750
347.782714843750
348.152832031250
348.520996093750
348.891113281250
349.261718750000
349.631347656250
350.001464843750
350.372070312500
350.738281250000
351.105957031250
351.475097656250
351.842773437500
352.207031250000
352.572265625000
352.938476562500
353.304687500000
353.670410156250
354.034667968750
354.399414062500
354.765625000000
355.131835937500
355.497558593750
355.863281250000
356.231933593750
356.597167968750
356.965332031250
357.335449218750
357.701171875000
358.068847656250
358.436523437500
358.806640625000
359.175292968750
359.540527343750
359.907714843750
360.279296875000
360.644531250000
361.014160156250
361.382324218750
361.750488281250
362.116210937500
362.484375000000
362.848144531250
363.216308593750
363.580078125000
363.945312500000
364.310546875000
364.675781250000
365.040039062500
365.404785156250
365.770019531250
366.136230468750
366.501464843750
366.868164062500
367.234375000000
367.601562500000
367.969726562500
368.340820312500
368.709472656250
369.079589843750
369.448242187500
369.816406250000
370.185546875000
370.553222656250
370.922363281250
371.289062500000
371.658203125000
372.025390625000
372.392089843750
372.759277343750
373.126953125000
373.494628906250
373.861328125000
374.229980468750
374.593750000000
374.961425781250
375.327148437500
375.694824218750
376.062500000000
376.427734375000
376.796386718750
377.164062500000
377.530273437500
377.897949218750
378.265136718750
378.628417968750
378.999511718750
379.368164062500
379.735351562500
380.103515625000
380.469238281250
380.837402343750
381.203613281250
381.569824218750
381.935058593750
382.300781250000
382.665527343750
383.031738281250
383.398437500000
383.765625000000
384.127929687500
384.492675781250
384.858886718750
385.226074218750
385.589843750000
385.955566406250
386.321289062500
386.685058593750
387.047851562500
387.413085937500
387.774414062500
388.138671875000
388.502929687500
388.866699218750
389.230957031250
389.593750000000
389.956054687500
390.320312500000
390.684082031250
391.047851562500
391.411621093750
391.777343750000
392.140625000000
392.507812500000
392.872070312500
393.234375000000
393.599609375000
393.961914062500
394.324218750000
394.688476562500
395.049316406250
395.415039062500
395.774902343750
396.138183593750
396.501464843750
396.865722656250
397.227050781250
397.587890625000
397.951660156250
398.312988281250
398.673828125000
399.034179687500
399.395019531250
399.754882812500
400.114257812500
400.475097656250
400.834472656250
401.191406250000
401.552734375000
401.912597656250
402.271484375000
402.631347656250
402.989746093750
403.350097656250
403.711425781250
404.071289062500
404.432128906250
404.795898437500
405.155273437500
405.518066406250
405.875976562500
406.237792968750
406.599609375000
406.958984375000
407.319824218750
407.679687500000
408.041015625000
408.402343750000
408.749023437500
409.123046875000
409.481933593750
409.841796875000
410.200195312500
410.560058593750
410.917968750000
411.275878906250
411.634277343750
411.994140625000
412.351074218750
412.708496093750
413.063964843750
413.422851562500
413.768066406250
414.134765625000
414.491699218750
414.843750000000
415.204101562500
415.562011718750
415.919433593750
416.276367187500
416.632812500000
416.989257812500
417.344726562500
417.701171875000
418.056152343750
418.415039062500
418.767578125000
419.124023437500
419.478515625000
419.830078125000
420.184082031250
420.537597656250
420.891113281250
421.243164062500
421.597167968750
421.951171875000
422.304199218750
422.658203125000
423.009765625000
423.364257812500
423.718261718750
424.072265625000
424.425292968750
424.778808593750
425.133300781250
425.486816406250
425.843750000000
426.197753906250
426.552246093750
426.906738281250
427.260253906250
427.614257812500
427.966308593750
428.320312500000
428.672851562500
429.025878906250
429.379394531250
429.735839843750
430.091796875000
430.446289062500
430.802734375000
431.157226562500
431.511718750000
431.866699218750
432.220703125000
432.570800781250
432.922851562500
433.275390625000
433.625976562500
433.977050781250
434.328125000000
434.675781250000
435.026367187500
435.375976562500
435.726562500000
436.079101562500
436.430175781250
436.782226562500
437.133300781250
437.485839843750
437.837402343750
438.189941406250
438.545410156250
438.897949218750
439.247558593750
439.600097656250
439.947753906250
440.298828125000
440.648437500000
440.999511718750
441.351074218750
441.697265625000
442.053222656250
442.404785156250
442.758300781250
443.110839843750
443.462402343750
443.816894531250
444.170410156250
444.521484375000
444.875488281250
445.228027343750
445.579101562500
445.930175781250
446.281250000000
446.627441406250
446.978027343750
447.328125000000
447.677246093750
448.026367187500
448.375488281250
448.727539062500
449.076171875000
449.425781250000
449.774902343750
450.125488281250
450.475585937500
450.822753906250
451.173339843750
451.521972656250
451.867675781250
452.219238281250
452.567871093750
452.916015625000
453.265625000000
453.615234375000
453.963867187500
454.311523437500
454.662109375000
455.009277343750
455.358398437500
455.708007812500
456.055175781250
456.403808593750
456.751464843750
457.101074218750
457.447265625000
457.796875000000
458.142089843750
458.492187500000
458.841796875000
459.189941406250
459.538085937500
459.886718750000
460.235351562500
460.585449218750
460.932617187500
461.281250000000
461.627929687500
461.977050781250
462.323242187500
462.671386718750
463.015625000000
463.361816406250
463.710937500000
464.060058593750
464.407226562500
464.752929687500
465.103515625000
465.449707031250
465.795898437500
466.142578125000
466.489257812500
466.835449218750
467.184570312500
467.525878906250
467.871093750000
468.218750000000
468.563964843750
468.912597656250
469.259277343750
469.604980468750
469.954101562500
470.301269531250
470.646972656250
470.993652343750
471.338867187500
471.685546875000
472.029785156250
472.374023437500
472.719238281250
473.061523437500
473.406250000000
473.750000000000
474.092285156250
474.438476562500
474.781738281250
475.125976562500
475.469726562500
475.813476562500
476.156250000000
476.499511718750
476.844726562500
477.187500000000
477.532226562500
477.875488281250
478.221191406250
478.566406250000
478.914062500000
479.260742187500
479.608886718750
479.955078125000
480.301269531250
480.651367187500
480.991699218750
481.338378906250
481.683105468750
482.030761718750
482.376464843750
482.718750000000
483.065917968750
483.413574218750
483.759277343750
484.108886718750
484.457519531250
484.805664062500
485.154785156250
485.501464843750
485.849121093750
486.195800781250
486.541992187500
486.889160156250
487.235351562500
487.582031250000
487.926269531250
488.272460937500
488.618652343750
488.966308593750
489.312500000000
489.662597656250
490.007812500000
490.354003906250
490.702148437500
491.047851562500
491.395996093750
491.742675781250
492.085937500000
492.432128906250
492.774902343750
493.120117187500
493.466796875000
493.810546875000
494.154785156250
494.500488281250
494.846191406250
495.190917968750
495.536132812500
495.883789062500
496.231933593750
496.579101562500
496.929199218750
497.274902343750
497.622558593750
497.969726562500
498.317871093750
498.664550781250
499.011718750000
499.359375000000
499.704101562500
500.050781250000
500.397460937500
500.743652343750
501.092285156250
501.437988281250
501.783203125000
502.130371093750
502.478027343750
502.823242187500
503.169921875000
503.515136718750
503.858886718750
504.203613281250
504.546875000000
504.891113281250
505.234375000000
505.574218750000
505.922363281250
506.266113281250
506.608886718750
506.953125000000
507.296386718750
507.638671875000
507.980468750000
508.321777343750
508.664550781250
509.004882812500
509.344726562500
509.683593750000
510.023437500000
510.363281250000
510.703613281250
511.042968750000
511.382812500000
511.722167968750
512.062988281250
512.403808593750
512.742675781250
513.080566406250
513.419921875000
513.758300781250
514.098144531250
514.436035156250
514.773437500000
515.108886718750
515.449218750000
515.789062500000
516.128417968750
516.471191406250
516.811035156250
517.150878906250
517.491210937500
517.828613281250
518.166503906250
518.502929687500
518.843750000000
519.181640625000
519.520996093750
519.858398437500
520.196777343750
520.537597656250
520.875000000000
521.214355468750
521.550781250000
521.888183593750
522.224609375000
522.561035156250
522.897949218750
523.233398437500
523.571289062500
523.906738281250
524.244140625000
524.580078125000
524.916992187500
525.256347656250
525.594238281250
525.928710937500
526.265136718750
526.602050781250
526.938476562500
527.274414062500
527.609375000000
527.945800781250
528.280761718750
528.617675781250
528.952148437500
529.289062500000
529.625000000000
529.961914062500
530.297851562500
530.633789062500
530.966796875000
531.303710937500
531.637207031250
531.968750000000
532.305175781250
532.639648437500
532.975097656250
533.308105468750
533.646484375000
533.978515625000
534.314453125000
534.648437500000
534.982910156250
535.315429687500
535.651367187500
535.985839843750
536.318359375000
536.653320312500
536.986328125000
537.322265625000
537.658203125000
537.992187500000
538.325683593750
538.661621093750
538.995605468750
539.328613281250
539.663085937500
539.997558593750
540.333496093750
540.667480468750
541.000976562500
541.336914062500
541.672363281250
542.006347656250
542.339355468750
542.675292968750
543.011718750000
543.345703125000
543.680175781250
544.011718750000
544.344726562500
544.678222656250
545.013671875000
545.347656250000
545.680175781250
546.015625000000
546.346191406250
546.680664062500
547.012207031250
547.345214843750
547.677734375000
548.010253906250
548.344238281250
548.677734375000
549.010742187500
549.345214843750
549.678710937500
550.009765625000
550.343261718750
550.673828125000
551.008300781250
551.338378906250
551.667968750000
552.002441406250
552.334472656250
552.670410156250
553.002441406250
553.335937500000
553.671386718750
554.002929687500
554.334960937500
554.666503906250
555
555.335449218750
555.664550781250
556
556.329589843750
556.662597656250
556.995117187500
557.329589843750
557.663085937500
557.996093750000
558.329101562500
558.658691406250
558.991699218750
559.322265625000
559.652343750000
559.986328125000
560.318359375000
560.652832031250
560.982421875000
561.314941406250
561.646972656250
561.979492187500
562.310546875000
562.642578125000
562.972167968750
563.304687500000
563.632812500000
563.963378906250
564.295410156250
564.625488281250
564.958496093750
565.288574218750
565.619140625000
565.949707031250
566.281250000000
566.610351562500
566.937988281250
567.267578125000
567.597656250000
567.928710937500
568.257812500000
568.590820312500
568.916503906250
569.248046875000
569.577148437500
569.906738281250
570.234863281250
570.564453125000
570.893554687500
571.220703125000
571.550781250000
571.880371093750
572.210937500000
572.540527343750
572.870117187500
573.198242187500
573.529296875000
573.856445312500
574.187011718750
574.515625000000
574.843750000000
575.173828125000
575.501953125000
575.833496093750
576.163574218750
576.495605468750
576.825683593750
577.156250000000
577.485839843750
577.817382812500
578.145507812500
578.476562500000
578.808593750000
579.140136718750
579.471191406250
579.801269531250
580.132812500000
580.465332031250
580.797851562500
581.128906250000
581.460937500000
581.790039062500
582.123046875000
582.452148437500
582.782226562500
583.114257812500
583.444335937500
583.773925781250
584.104492187500
584.433593750000
584.765136718750
585.095703125000
585.423828125000
585.754394531250
586.082031250000
586.411621093750
586.740234375000
587.071289062500
587.398437500000
587.727050781250
588.058593750000
588.386230468750
588.716796875000
589.045898437500
589.375000000000
589.701171875000
590.030273437500
590.332031250000
590.687500000000
591.015625000000
591.342773437500
591.669921875000
591.998046875000
592.326171875000
592.655273437500
592.984375000000
593.311035156250
593.634765625000
593.961914062500
594.289550781250
594.615722656250
594.944335937500
595.272460937500
595.596679687500
595.925292968750
596.251953125000
596.579101562500
596.907714843750
597.231933593750
597.560546875000
597.886230468750
598.214355468750
598.542480468750
598.869140625000
599.195800781250
599.523437500000
599.850585937500
600.175781250000
600.500488281250
600.827148437500
601.151855468750
601.478027343750
601.805664062500
602.131835937500
602.457031250000
602.782714843750
603.109863281250
603.432617187500
603.757812500000
604.082031250000
604.408203125000
604.733886718750
605.060546875000
605.383300781250
605.709960937500
606.034179687500
606.359375000000
606.687011718750
607.011718750000
607.334472656250
607.660644531250
607.984863281250
608.310058593750
608.637695312500
608.960937500000
609.288574218750
609.612792968750
609.937011718750
610.264648437500
610.585937500000
610.910644531250
611.236816406250
611.562500000000
611.887207031250
612.212402343750
612.536132812500
612.860839843750
613.189453125000
613.513671875000
613.838867187500
614.165039062500
614.489746093750
614.814453125000
615.140136718750
615.470214843750
615.789550781250
616.117187500000
616.441406250000
616.766601562500
617.094238281250
617.422851562500
617.750000000000
618.073242187500
618.399414062500
618.726562500000
619.053222656250
619.379882812500
619.704589843750
620.031738281250
620.358398437500
620.687011718750
621.015625000000
621.342285156250
621.665039062500
621.991210937500
622.316406250000
622.643066406250
622.970214843750
623.297851562500
623.625488281250
623.953125000000
624.280273437500
624.604492187500
624.932617187500
625.259765625000
625.588378906250
625.914550781250
626.242187500000
626.570312500000
626.899902343750
627.228027343750
627.554687500000
627.882812500000
628.207031250000
628.534179687500
628.862304687500
629.191894531250
629.521972656250
629.846191406250
630.177246093750
630.502929687500
630.833496093750
631.158203125000
631.487304687500
631.816406250000
632.143554687500
632.469726562500
632.800781250000
633.129394531250
633.458496093750
633.789062500000
634.113769531250
634.438964843750
634.770019531250
635.099609375000
635.427246093750
635.757812500000
636.087402343750
636.413574218750
636.740234375000
637.069335937500
637.400390625000
637.726562500000
638.054199218750
638.381347656250
638.708496093750
639.037597656250
639.366699218750
639.695312500000
640.020507812500
640.351074218750
640.677246093750
641.007812500000
641.331542968750
641.659179687500
641.987792968750
642.320312500000
642.646484375000
642.972656250000
643.303222656250
643.631835937500
643.960937500000
644.289550781250
644.617187500000
644.945312500000
645.273437500000
645.603027343750
645.937500000000
646.265136718750
646.591308593750
646.921386718750
647.249023437500
647.579101562500
647.907714843750
648.234375000000
648.563964843750
648.895019531250
649.222167968750
649.554687500000
649.884277343750
650.214843750000
650.543945312500
650.873046875000
651.203613281250
651.531250000000
651.859375000000
652.189941406250
652.521484375000
652.848632812500
653.178710937500
653.508789062500
653.839843750000
654.169433593750
654.497558593750
654.828125000000
655.155761718750
655.484863281250
655.813476562500
656.140625000000
656.470214843750
656.796875000000
657.128906250000
657.459960937500
657.789550781250
658.117675781250
658.446777343750
658.774414062500
659.107421875000
659.434082031250
659.761230468750
660.091308593750
660.421875000000
660.750976562500
661.082031250000
661.411132812500
661.739257812500
662.069824218750
662.397460937500
662.726562500000
663.054687500000
663.382812500000
663.710937500000
664.039550781250
664.367675781250
664.698242187500
665.027343750000
665.353027343750
665.681152343750
666.007812500000
666.333496093750
666.664062500000
666.991210937500
667.319824218750
667.646972656250
667.974609375000
668.302734375000
668.627441406250
668.957031250000
669.283203125000
669.609863281250
669.937500000000
670.261230468750
670.591308593750
670.916992187500
671.246093750000
671.573242187500
671.899902343750
672.227539062500
672.555175781250
672.883300781250
673.210449218750
673.536621093750
673.865722656250
674.192382812500
674.520507812500
674.849609375000
675.178222656250
675.507324218750
675.835449218750
676.163574218750
676.489746093750
676.817382812500
677.144531250000
677.472167968750
677.799316406250
678.126464843750
678.455078125000
678.784179687500
679.111328125000
679.443359375000
679.768554687500
680.099609375000
680.423339843750
680.754882812500
681.080078125000
681.406250000000
681.735839843750
682.063476562500
682.393066406250
682.721679687500
683.049804687500
683.375976562500
683.705078125000
684.031250000000
684.360351562500
684.687988281250
685.018066406250
685.344238281250
685.671875000000
685.999511718750
686.328613281250
686.658203125000
686.986328125000
687.318359375000
687.641601562500
687.969238281250
688.296875000000
688.625488281250
688.952636718750
689.281250000000
689.612792968750
689.940917968750
690.268066406250
690.595214843750
690.924316406250
691.251464843750
691.578125000000
691.909179687500
692.236328125000
692.565917968750
692.896484375000
693.225097656250
693.555664062500
693.882812500000
694.211425781250
694.540039062500
694.867675781250
695.199707031250
695.525878906250
695.855468750000
696.183593750000
696.514648437500
696.844726562500
697.173828125000
697.505371093750
697.832031250000
698.161132812500
698.488769531250
698.816406250000
699.145019531250
699.473144531250
699.801269531250
700.131347656250
700.459960937500
700.789062500000
701.118164062500
701.444335937500
701.771484375000
702.098144531250
702.429687500000
702.753417968750
703.080078125000
703.407226562500
703.733886718750
704.061523437500
704.390625000000
704.719238281250
705.043945312500
705.371093750000
705.695312500000
706.023437500000
706.348144531250
706.673339843750
706.999023437500
707.325683593750
707.652832031250
707.978515625000
708.304199218750
708.632324218750
708.956054687500
709.280761718750
709.605468750000
709.929687500000
710.254882812500
710.579589843750
710.902343750000
711.231445312500
711.554199218750
711.880371093750
712.204101562500
712.529296875000
712.852050781250
713.174316406250
713.500976562500
713.823242187500
714.148437500000
714.471191406250
714.797363281250
715.123535156250
715.449218750000
715.773437500000
716.097167968750
716.420898437500
716.744140625000
717.071289062500
717.394531250000
717.721191406250
718.046875000000
718.369628906250
718.696289062500
719.023437500000
719.346191406250
719.670410156250
719.993652343750
720.319824218750
720.645507812500
720.969726562500
721.294433593750
721.619628906250
721.944824218750
722.270019531250
722.596679687500
722.918457031250
723.241699218750
723.565429687500
723.888183593750
724.216796875000
724.538574218750
724.863281250000
725.187988281250
725.513183593750
725.838378906250
726.162597656250
726.484863281250
726.808105468750
727.133300781250
727.457519531250
727.781738281250
728.104492187500
728.429199218750
728.753417968750
729.078125000000
729.404785156250
729.729003906250
730.051269531250
730.375000000000
730.701660156250
731.023925781250
731.347656250000
731.669921875000
731.993652343750
732.318847656250
732.643066406250
732.968261718750
733.289062500000
733.616210937500
733.938476562500
734.259277343750
734.582519531250
734.906738281250
735.228027343750
735.553710937500
735.875488281250
736.198730468750
736.521972656250
736.844726562500
737.167968750000
737.492675781250
737.813964843750
738.137207031250
738.456542968750
738.782226562500
739.102050781250
739.427734375000
739.750000000000
740.071289062500
740.391601562500
740.718261718750
741.041503906250
741.361328125000
741.682617187500
742.003906250000
742.326171875000
742.646484375000
742.970214843750
743.289550781250
743.614257812500
743.933593750000
744.256835937500
744.579589843750
744.900390625000
745.225585937500
745.542480468750
745.864257812500
746.185546875000
746.509765625000
746.829101562500
747.151855468750
747.472656250000
747.795898437500
748.118164062500
748.439941406250
748.759765625000
749.080566406250
749.401855468750
749.724609375000
750.046875000000
750.367675781250
750.689941406250
751.012695312500
751.333984375000
751.657714843750
751.976562500000
752.297851562500
752.618652343750
752.945312500000
753.260742187500
753.583007812500
753.903320312500
754.225585937500
754.545410156250
754.868164062500
755.189941406250
755.507812500000
755.827636718750
756.147949218750
756.468750000000
756.791503906250
757.110351562500
757.432128906250
757.751953125000
758.074218750000
758.393066406250
758.711914062500
759.032714843750
759.357421875000
759.677246093750
759.994628906250
760.315429687500
760.637207031250
760.956054687500
761.278808593750
761.597656250000
761.916503906250
762.237792968750
762.557617187500
762.876464843750
763.200683593750
763.519531250000
763.837890625000
764.159667968750
764.481933593750
764.799804687500
765.119140625000
765.437988281250
765.757812500000
766.078613281250
766.399414062500
766.719238281250
767.039062500000
767.358886718750
767.676269531250
767.996093750000
768.314453125000
768.634277343750
768.954589843750
769.273437500000
769.596191406250
769.915039062500
770.238769531250
770.553222656250
770.874023437500
771.193359375000
771.515136718750
771.835449218750
772.152343750000
772.475585937500
772.796386718750
773.116210937500
773.436523437500
773.754394531250
774.074218750000
774.395996093750
774.714355468750
775.036132812500
775.354980468750
775.677246093750
776
776.318359375000
776.640136718750
776.957031250000
777.278808593750
777.595214843750
777.916992187500
778.236328125000
778.555175781250
778.875488281250
779.195800781250
779.516113281250
779.836425781250
780.155761718750
780.472167968750
780.793945312500
781.112792968750
781.429687500000
781.750488281250
782.070800781250
782.390136718750
782.710449218750
783.027343750000
783.344726562500
783.664550781250
783.983886718750
784.304687500000
784.621093750000
784.938964843750
785.258789062500
785.579101562500
785.897949218750
786.213378906250
786.533203125000
786.850585937500
787.171386718750
787.489257812500
787.808593750000
788.129394531250
788.448242187500
788.763183593750
789.086425781250
789.405273437500
789.721679687500
790.045898437500
790.360839843750
790.679687500000
791.000488281250
791.319824218750
791.640625000000
791.958496093750
792.275390625000
792.594238281250
792.914062500000
793.228515625000
793.550781250000
793.866699218750
794.184082031250
794.506347656250
794.823242187500
795.139648437500
795.457031250000
795.778320312500
796.092285156250
796.406250000000
796.726074218750
797.045410156250
797.362304687500
797.679687500000
797.998046875000
798.314941406250
798.634765625000
798.947753906250
799.261718750000
799.578613281250
799.898437500000
800.211914062500
800.531250000000
800.846679687500
801.164550781250
801.481933593750
801.797851562500
802.110839843750
802.430664062500
802.746582031250
803.062500000000
803.382812500000
803.697753906250
804.014160156250
804.332519531250
804.649902343750
804.968750000000
805.281250000000
805.600585937500
805.916992187500
806.234863281250
806.553222656250
806.867187500000
807.187500000000
807.501953125000
807.821289062500
808.136230468750
808.453125000000
808.769042968750
809.086914062500
809.404785156250
809.720703125000
810.040527343750
810.354980468750
810.672363281250
810.987792968750
811.303710937500
811.624023437500
811.938964843750
812.258300781250
812.574218750000
812.894531250000
813.208496093750
813.524414062500
813.839843750000
814.160644531250
814.475097656250
814.791015625000
815.108398437500
815.425781250000
815.745605468750
816.060546875000
816.376464843750
816.692871093750
817.011718750000
817.325683593750
817.642578125000
817.958496093750
818.277343750000
818.594726562500
818.911621093750
819.229003906250
819.542968750000
819.863281250000
820.177246093750
820.492187500000
820.808105468750
821.125000000000
821.445312500000
821.759277343750
822.076660156250
822.394042968750
822.710449218750
823.024902343750
823.342773437500
823.656738281250
823.974121093750
824.289550781250
824.606445312500
824.921386718750
825.236816406250
825.554687500000
825.872558593750
826.187988281250
826.501953125000
826.819335937500
827.135253906250
827.453613281250
827.766113281250
828.083007812500
828.401367187500
828.718750000000
829.031738281250
829.347167968750
829.666992187500
829.977050781250
830.296386718750
830.610839843750
830.926269531250
831.243164062500
831.562011718750
831.879394531250
832.191406250000
832.509765625000
832.823730468750
833.136718750000
833.450195312500
833.766601562500
834.083007812500
834.398437500000
834.709472656250
835.027343750000
835.344726562500
835.655761718750
835.972656250000
836.283203125000
836.599609375000
836.914550781250
837.230468750000
837.548339843750
837.859863281250
838.173828125000
838.486328125000
838.798339843750
839.116210937500
839.429199218750
839.744628906250
840.062500000000
840.373535156250
840.689941406250
841.007324218750
841.320312500000
841.632812500000
841.949218750000
842.266113281250
842.580566406250
842.898437500000
843.213378906250
843.526855468750
843.843750000000
844.156738281250
844.471191406250
844.786132812500
845.102050781250
845.416015625000
845.734375000000
846.050292968750
846.361816406250
846.677734375000
846.993652343750
847.309082031250
847.623535156250
847.935546875000
848.251464843750
848.566406250000
848.883789062500
849.196289062500
849.509765625000
849.827636718750
850.143066406250
850.456542968750
850.770507812500
851.084960937500
851.402343750000
851.716796875000
852.029785156250
852.342773437500
852.657714843750
852.977050781250
853.286132812500
853.600585937500
853.912597656250
854.228515625000
854.543457031250
854.855957031250
855.169433593750
855.485839843750
855.800292968750
856.111328125000
856.426757812500
856.738281250000
857.054199218750
857.366210937500
857.678710937500
857.992187500000
858.305175781250
858.618652343750
858.933593750000
859.245117187500
859.558593750000
859.873046875000
860.187500000000
860.500000000000
860.813964843750
861.126464843750
861.444335937500
861.753417968750
862.064941406250
862.380371093750
862.695800781250
863.009277343750
863.320800781250
863.636230468750
863.950683593750
864.264160156250
864.573242187500
864.886230468750
865.200683593750
865.515625000000
865.828125000000
866.139648437500
866.454101562500
866.769531250000
867.081054687500
867.394531250000
867.708007812500
868.018554687500
868.331054687500
868.643554687500
868.958007812500
869.271972656250
869.581542968750
869.895507812500
870.211425781250
870.521972656250
870.831542968750
871.143554687500
871.457031250000
871.777343750000
872.083984375000
872.394042968750
872.711425781250
873.017578125000
873.331054687500
873.644531250000
873.955078125000
874.267578125000
874.583007812500
874.894042968750
875.204589843750
875.516113281250
875.830566406250
876.144042968750
876.452636718750
876.764648437500
877.076660156250
877.390136718750
877.703125000000
878.013671875000
878.326171875000
878.635253906250
878.951171875000
879.258789062500
879.568847656250
879.883300781250
880.195312500000
880.505859375000
880.817871093750
881.131347656250
881.440917968750
881.754882812500
882.062500000000
882.374511718750
882.687011718750
882.999511718750
883.310058593750
883.623046875000
883.934082031250
884.248046875000
884.558593750000
884.868164062500
885.178710937500
885.490722656250
885.802246093750
886.113281250000
886.422851562500
886.737304687500
887.049316406250
887.358398437500
887.671875000000
887.983886718750
888.290039062500
888.602050781250
888.912597656250
889.221679687500
889.534179687500
889.843750000000
890.154785156250
890.467773437500
890.776855468750
891.085449218750
891.394042968750
891.706054687500
892.014648437500
892.327148437500
892.637207031250
892.947753906250
893.259765625000
893.572265625000
893.881347656250
894.193847656250
894.499023437500
894.811523437500
895.119628906250
895.432128906250
895.742675781250
896.053222656250
896.363769531250
896.673828125000
896.985839843750
897.296386718750
897.606933593750
897.916503906250
898.228027343750
898.538085937500
898.847167968750