0.0781250000000000
0.774902343750000
1.48291015625000
2.18896484375000
2.86816406250000
3.58447265625000
4.31396484375000
4.99707031250000
5.70117187500000
6.36669921875000
6.99169921875000
7.57958984375000
8.15087890625000
8.71630859375000
9.26855468750000
9.82080078125000
10.3764648437500
10.9360351562500
11.4946289062500
12.0415039062500
12.5859375000000
13.1240234375000
13.6611328125000
14.1938476562500
14.7226562500000
15.2451171875000
15.7719726562500
16.3032226562500
16.8364257812500
17.3686523437500
17.8999023437500
18.4223632812500
18.9453125000000
19.4599609375000
19.9609375000000
20.4541015625000
20.9477539062500
21.4458007812500
21.9492187500000
22.4560546875000
22.9711914062500
23.4995117187500
24.0541992187500
24.6337890625000
25.2036132812500
25.7758789062500
26.3676757812500
26.9912109375000
27.6162109375000
28.2573242187500
28.9121093750000
29.5336914062500
30.1416015625000
30.7446289062500
31.3417968750000
31.9077148437500
32.4526367187500
32.9780273437500
33.5048828125000
34.0366210937500
34.5810546875000
35.1352539062500
35.6894531250000
36.2416992187500
36.7958984375000
37.3554687500000
37.9111328125000
38.4536132812500
38.9912109375000
39.5297851562500
40.0781250000000
40.6284179687500
41.1806640625000
41.7353515625000
42.2890625000000
42.8378906250000
43.3779296875000
43.9057617187500
44.4145507812500
44.9213867187500
45.4277343750000
45.9375000000000
46.4487304687500
46.9721679687500
47.4960937500000
48.0405273437500
48.6083984375000
49.1928710937500
49.7788085937500
50.3950195312500
51.0117187500000
51.6049804687500
52.1967773437500
52.7744140625000
53.3212890625000
53.8500976562500
54.3686523437500
54.8974609375000
55.4169921875000
55.9448242187500
56.4838867187500
57.0322265625000
57.5800781250000
58.1269531250000
58.6938476562500
59.2753906250000
59.8471679687500
60.4287109375000
61.0170898437500
61.6025390625000
62.1704101562500
62.7338867187500
63.2910156250000
63.8359375000000
64.3632812500000
64.8852539062500
65.3999023437500
65.9091796875000
66.4135742187500
66.9145507812500
67.4130859375000
67.9091796875000
68.4135742187500
68.9360351562500
69.4702148437500
70.0156250000000
70.5751953125000
71.1230468750000
71.6577148437500
72.1977539062500
72.7309570312500
73.2495117187500
73.7602539062500
74.2617187500000
74.7675781250000
75.2749023437500
75.7910156250000
76.3134765625000
76.8505859375000
77.3935546875000
77.9599609375000
78.5263671875000
79.1376953125000
79.7880859375000
80.4277343750000
81.0629882812500
81.6879882812500
82.2910156250000
82.8774414062500
83.4550781250000
84.0249023437500
84.5859375000000
85.1269531250000
85.6547851562500
86.1777343750000
86.7104492187500
87.2441406250000
87.7993164062500
88.3745117187500
88.9633789062500
89.5415039062500
90.1254882812500
90.7270507812500
91.3378906250000
91.9277343750000
92.4853515625000
93.0258789062500
93.5605468750000
94.0947265625000
94.6254882812500
95.1616210937500
95.6943359375000
96.2426757812500
96.8203125000000
97.4345703125000
98.0346679687500
98.6264648437500
99.1962890625000
99.7524414062500
100.297363281250
100.845214843750
101.391113281250
101.930175781250
102.458496093750
102.979492187500
103.494140625000
104.006835937500
104.516601562500
105.038574218750
105.570312500000
106.101562500000
106.642089843750
107.198242187500
107.759765625000
108.312011718750
108.867187500000
109.437988281250
110.015625000000
110.579589843750
111.145996093750
111.712890625000
112.266113281250
112.812988281250
113.350585937500
113.876953125000
114.396972656250
114.914062500000
115.429199218750
115.944335937500
116.455078125000
116.978515625000
117.518554687500
118.073242187500
118.631835937500
119.181152343750
119.706542968750
120.234863281250
120.794433593750
121.414062500000
122.028320312500
122.631347656250
123.206542968750
123.775878906250
124.329101562500
124.868164062500
125.396972656250
125.913574218750
126.423339843750
126.937500000000
127.438964843750
127.945312500000
128.454101562500
128.977050781250
129.504394531250
130.066894531250
130.648437500000
131.240234375000
131.836425781250
132.446289062500
133.041503906250
133.632812500000
134.222167968750
134.796875000000
135.354492187500
135.908203125000
136.460449218750
136.994628906250
137.520019531250
138.045898437500
138.586914062500
139.125976562500
139.673339843750
140.241210937500
140.824218750000
141.398925781250
141.965332031250
142.531250000000
143.094726562500
143.646972656250
144.189941406250
144.728027343750
145.267089843750
145.789550781250
146.312500000000
146.828613281250
147.339355468750
147.846679687500
148.351562500000
148.846191406250
149.349121093750
149.851562500000
150.349609375000
150.845703125000
151.341796875000
151.835449218750
152.329589843750
152.829101562500
153.320312500000
153.813964843750
154.311523437500
154.806640625000
155.304199218750
155.796386718750
156.291503906250
156.796875000000
157.318359375000
157.844726562500
158.377441406250
158.921875000000
159.482421875000
160.037109375000
160.593261718750
161.159667968750
161.729492187500
162.291503906250
162.850585937500
163.413574218750
163.961425781250
164.490722656250
165.009765625000
165.524414062500
166.024414062500
166.523925781250
167.014648437500
167.511230468750
168.022460937500
168.554687500000
169.096191406250
169.641601562500
170.196777343750
170.767089843750
171.343750000000
171.900878906250
172.456542968750
173.009765625000
173.561523437500
174.087402343750
174.613769531250
175.145996093750
175.670898437500
176.182128906250
176.689941406250
177.203125000000
177.706054687500
178.211914062500
178.720214843750
179.250976562500
179.785644531250
180.321289062500
180.858886718750
181.413574218750
181.960937500000
182.500488281250
183.039550781250
183.583496093750
184.113769531250
184.632812500000
185.142089843750
185.649902343750
186.152343750000
186.648925781250
187.142089843750
187.633789062500
188.124023437500
188.610839843750
189.100585937500
189.602539062500
190.096679687500
190.601074218750
191.108398437500
191.632324218750
192.155761718750
192.676757812500
193.197753906250
193.734375000000
194.259765625000
194.781250000000
195.295898437500
195.822753906250
196.328613281250
196.829101562500
197.320312500000
197.812011718750
198.290039062500
198.765136718750
199.232910156250
199.697753906250
200.164062500000
200.630859375000
201.093750000000
201.557617187500
202.023437500000
202.491699218750
202.957519531250
203.423828125000
203.894042968750
204.376953125000
204.866699218750
205.359375000000
205.855468750000
206.362792968750
206.877929687500
207.381835937500
207.875488281250
208.367675781250
208.861328125000
209.353515625000
209.840332031250
210.330078125000
210.815429687500
211.305175781250
211.797851562500
212.293457031250
212.781738281250
213.267089843750
213.743652343750
214.225585937500
214.709960937500
215.204589843750
215.709472656250
216.206054687500
216.699218750000
217.193847656250
217.689453125000
218.200683593750
218.707519531250
219.208007812500
219.706054687500
220.205078125000
220.700195312500
221.187011718750
221.675781250000
222.166015625000
222.664062500000
223.157714843750
223.654785156250
224.154785156250
224.655761718750
225.149902343750
225.655273437500
226.164550781250
226.667480468750
227.170898437500
227.673828125000
228.174316406250
228.667480468750
229.155761718750
229.639160156250
230.116210937500
230.592773437500
231.063476562500
231.537597656250
232.009765625000
232.487304687500
232.961425781250
233.431152343750
233.898925781250
234.372558593750
234.837402343750
235.305664062500
235.771972656250
236.242187500000
236.720214843750
237.197753906250
237.677246093750
238.161132812500
238.655761718750
239.139160156250
239.626953125000
240.113769531250
240.601074218750
241.079589843750
241.562011718750
242.045410156250
242.522460937500
243
243.479003906250
243.961914062500
244.439453125000
244.916503906250
245.392578125000
245.866210937500
246.330566406250
246.791503906250
247.250976562500
247.704589843750
248.161621093750
248.619628906250
249.079589843750
249.540039062500
250
250.459472656250
250.922851562500
251.392089843750
251.859863281250
252.327636718750
252.791015625000
253.262207031250
253.732421875000
254.196289062500
254.664550781250
255.145507812500
255.619628906250
256.092773437500
256.562011718750
257.038085937500
257.515625000000
257.987792968750
258.458496093750
258.924316406250
259.397460937500
259.861816406250
260.327148437500
260.788574218750
261.250000000000
261.704101562500
262.157226562500
262.610351562500
263.061035156250
263.506347656250
263.951171875000
264.392089843750
264.832031250000
265.270996093750
265.713867187500
266.163574218750
266.611328125000
267.062988281250
267.511230468750
267.960937500000
268.412597656250
268.870117187500
269.328125000000
269.780761718750
270.226562500000
270.677734375000
271.125488281250
271.574707031250
272.018554687500
272.464355468750
272.908691406250
273.348632812500
273.790039062500
274.228515625000
274.665527343750
275.101074218750
275.540527343750
275.979003906250
276.416503906250
276.849121093750
277.281250000000
277.711914062500
278.143066406250
278.571289062500
278.998535156250
279.427246093750
279.853027343750
280.284667968750
280.709472656250
281.133300781250
281.556640625000
281.983398437500
282.409179687500
282.835449218750
283.261230468750
283.692871093750
284.125000000000
284.561035156250
284.994628906250
285.427246093750
285.864257812500
286.299804687500
286.740722656250
287.174316406250
287.611328125000
288.044921875000
288.478515625000
288.908203125000
289.338867187500
289.767089843750
290.192871093750
290.619628906250
291.049316406250
291.481933593750
291.909179687500
292.345214843750
292.781250000000
293.216796875000
293.648925781250
294.085449218750
294.522949218750
294.958007812500
295.388671875000
295.821289062500
296.252441406250
296.681152343750
297.110351562500
297.538574218750
297.968750000000
298.398437500000
298.829589843750
299.257324218750
299.687988281250
300.115722656250
300.546386718750
300.975585937500
301.406250000000
301.830566406250
302.258300781250
302.684570312500
303.114746093750
303.541503906250
303.970214843750
304.399902343750
304.829589843750
305.257812500000
305.683105468750
306.112304687500
306.538085937500
306.961425781250
307.382324218750
307.803710937500
308.225097656250
308.643066406250
309.060058593750
309.477539062500
309.897949218750
310.320800781250
310.745605468750
311.174316406250
311.602539062500
312.033203125000
312.476562500000
312.909179687500
313.347167968750
313.788574218750
314.226074218750
314.656250000000
315.091796875000
315.529785156250
315.962402343750
316.392578125000
316.819824218750
317.245117187500
317.674316406250
318.099609375000
318.521484375000
318.945312500000
319.368164062500
319.796386718750
320.217773437500
320.638183593750
321.056152343750
321.479003906250
321.900390625000
322.327636718750
322.749023437500
323.174316406250
323.596679687500
324.021972656250
324.446289062500
324.874023437500
325.296386718750
325.718261718750
326.141601562500
326.570312500000
327.000976562500
327.436035156250
327.866699218750
328.298339843750
328.735839843750
329.170410156250
329.608398437500
330.041503906250
330.477050781250
330.904785156250
331.329589843750
331.751464843750
332.173339843750
332.591796875000
333.017089843750
333.432617187500
333.852050781250
334.268554687500
334.686523437500
335.101562500000
335.514160156250
335.930175781250
336.345214843750
336.759765625000
337.171386718750
337.585449218750
337.995117187500
338.412109375000
338.823242187500
339.239746093750
339.650878906250
340.062988281250
340.472167968750
340.886718750000
341.296875000000
341.706542968750
342.114257812500
342.524414062500
342.930664062500
343.337402343750
343.744628906250
344.156250000000
344.564453125000
344.978027343750
345.385742187500
345.798339843750
346.209472656250
346.624511718750
347.034179687500
347.448242187500
347.860351562500
348.280761718750
348.695312500000
349.111328125000
349.525878906250
349.948242187500
350.361816406250
350.775390625000
351.187988281250
351.607421875000
352.021972656250
352.431640625000
352.844726562500
353.260253906250
353.672851562500
354.083496093750
354.491699218750
354.901855468750
355.311035156250
355.717773437500
356.124023437500
356.530761718750
356.936523437500
357.336914062500
357.741210937500
358.140625000000
358.541503906250
358.940917968750
359.342773437500
359.739746093750
360.137207031250
360.538574218750
360.937988281250
361.337402343750
361.734863281250
362.134765625000
362.538574218750
362.942871093750
363.344726562500
363.749023437500
364.155273437500
364.556640625000
364.958007812500
365.360351562500
365.766113281250
366.166015625000
366.568359375000
366.968750000000
367.372558593750
367.770507812500
368.166992187500
368.565429687500
368.962890625000
369.359863281250
369.751953125000
370.147949218750
370.541015625000
370.932128906250
371.325683593750
371.720214843750
372.112792968750
372.507812500000
372.901855468750
373.295410156250
373.690429687500
374.088378906250
374.493652343750
374.899902343750
375.305664062500
375.709472656250
376.111328125000
376.517089843750
376.925781250000
377.341308593750
377.749511718750
378.156738281250
378.562011718750
378.969726562500
379.380371093750
379.792968750000
380.205566406250
380.615234375000
381.021484375000
381.428710937500
381.836425781250
382.244140625000
382.657714843750
383.063476562500
383.470214843750
383.874023437500
384.280273437500
384.681640625000
385.085449218750
385.484863281250
385.883300781250
386.278808593750
386.678710937500
387.076660156250
387.475585937500
387.869628906250
388.268554687500
388.664062500000
389.063476562500
389.461914062500
389.862792968750
390.259765625000
390.663574218750
391.057617187500
391.455566406250
391.849609375000
392.248535156250
392.644531250000
393.042968750000
393.437011718750
393.834960937500
394.228027343750
394.626464843750
395.018554687500
395.413574218750
395.803710937500
396.196289062500
396.585449218750
396.977050781250
397.364257812500
397.755371093750
398.142578125000
398.531738281250
398.921386718750
399.308593750000
399.694824218750
400.079101562500
400.465332031250
400.851562500000
401.240722656250
401.626953125000
402.015625000000
402.405761718750
402.796386718750
403.193847656250
403.590820312500
403.985351562500
404.381347656250
404.777343750000
405.177246093750
405.580566406250
405.984375000000
406.383789062500
406.784179687500
407.185546875000
407.589843750000
407.987304687500
408.390136718750
408.785644531250
409.180175781250
409.573242187500
409.968261718750
410.361328125000
410.754882812500
411.143554687500
411.532226562500
411.918457031250
412.311035156250
412.696777343750
413.085937500000
413.471191406250
413.860351562500
414.244628906250
414.633300781250
415.018066406250
415.404785156250
415.789062500000
416.174316406250
416.557617187500
416.945312500000
417.327636718750
417.708984375000
418.091308593750
418.472656250000
418.858886718750
419.241699218750
419.624511718750
420.008300781250
420.391601562500
420.780761718750
421.165039062500
421.547851562500
421.936035156250
422.320312500000
422.712890625000
423.100097656250
423.490722656250
423.876464843750
424.269042968750
424.664062500000
425.061035156250
425.452636718750
425.845703125000
426.235839843750
426.629394531250
427.021484375000
427.415039062500
427.803222656250
428.194335937500
428.579589843750
428.968750000000
429.353515625000
429.744628906250
430.128906250000
430.516601562500
430.896972656250
431.280761718750
431.660644531250
432.044921875000
432.423828125000
432.804687500000
433.181152343750
433.558105468750
433.938964843750
434.318847656250
434.697753906250
435.077148437500
435.453613281250
435.834960937500
436.217285156250
436.600585937500
436.985351562500
437.366699218750
437.751953125000
438.136230468750
438.527343750000
438.913085937500
439.302246093750
439.682617187500
440.069335937500
440.453613281250
440.841796875000
441.224609375000
441.608886718750
441.990722656250
442.374511718750
442.757324218750
443.140136718750
443.520507812500
443.899414062500
444.279296875000
444.657714843750
445.038574218750
445.417480468750
445.801757812500
446.179199218750
446.562500000000
446.945800781250
447.329589843750
447.719238281250
448.109863281250
448.493652343750
448.883789062500
449.267578125000
449.656738281250
450.046875000000
450.435058593750
450.822265625000
451.211914062500
451.595703125000
451.981933593750
452.367187500000
452.753906250000
453.135253906250
453.521972656250
453.905273437500
454.289062500000
454.666015625000
455.051757812500
455.430664062500
455.811523437500
456.187500000000
456.565429687500
456.943847656250
457.319335937500
457.695312500000
458.070800781250
458.447265625000
458.821289062500
459.198730468750
459.575683593750
459.957031250000
460.335449218750
460.716796875000
461.093750000000
461.476074218750
461.855468750000
462.241699218750
462.624511718750
463.008300781250
463.390136718750
463.773437500000
464.157226562500
464.545410156250
464.925292968750
465.309082031250
465.688476562500
466.073242187500
466.453613281250
466.833984375000
467.211914062500
467.587890625000
467.967773437500
468.343750000000
468.720703125000
469.093261718750
469.470214843750
469.846191406250
470.228515625000
470.609863281250
470.989746093750
471.370605468750
471.754882812500
472.136230468750
472.521484375000
472.906250000000
473.292968750000
473.679199218750
474.064453125000
474.447753906250
474.831542968750
475.211914062500
475.600585937500
475.979492187500
476.362304687500
476.741699218750
477.121582031250
477.500488281250
477.882812500000
478.258789062500
478.638183593750
479.013671875000
479.391113281250
479.765625000000
480.139160156250
480.512207031250
480.885742187500
481.256347656250
481.632812500000
482.006835937500
482.382812500000
482.761230468750
483.133789062500
483.512207031250
483.887695312500
484.265136718750
484.646484375000
485.022949218750
485.397949218750
485.774414062500
486.148925781250
486.525390625000
486.899414062500
487.274902343750
487.648437500000
488.020507812500
488.390136718750
488.758300781250
489.126464843750
489.497558593750
489.863281250000
490.229980468750
490.599121093750
490.967773437500
491.338378906250
491.708007812500
492.082031250000
492.390625000000
492.818847656250
493.187988281250
493.562500000000
493.931640625000
494.302734375000
494.668945312500
495.039550781250
495.407226562500
495.775878906250
496.145996093750
496.513183593750
496.883300781250
497.252441406250
497.625976562500
497.994140625000
498.367187500000
498.737792968750
499.112304687500
499.483398437500
499.857421875000
500.227539062500
500.598144531250
500.963867187500
501.330566406250
501.701171875000
502.068359375000
502.435546875000
502.802246093750
503.172363281250
503.545410156250
503.914062500000
504.282226562500
504.654296875000
505.026855468750
505.396484375000
505.762695312500
506.132812500000
506.500000000000
506.871093750000
507.234863281250
507.595703125000
507.963867187500
508.326660156250
508.687988281250
509.050781250000
509.421386718750
509.779785156250
510.145507812500
510.508789062500
510.880859375000
511.244628906250
511.612792968750
511.978515625000
512.342773437500
512.707519531250
513.071777343750
513.438964843750
513.804199218750
514.170898437500
514.533203125000
514.906738281250
515.271972656250
515.640625000000
516.006835937500
516.377441406250
516.744140625000
517.118652343750
517.486328125000
517.855468750000
518.155273437500
518.587402343750
518.953125000000
519.318847656250
519.688964843750
520.050292968750
520.417968750000
520.781250000000
521.150390625000
521.515625000000
521.881835937500
522.245605468750
522.612304687500
522.979980468750
523.343261718750
523.703125000000
524.064453125000
524.428710937500
524.789550781250
525.148437500000
525.449707031250
525.869140625000
526.228515625000
526.594238281250
526.955078125000
527.320312500000
527.683593750000
528.048339843750
528.407226562500
528.765625000000
529.130371093750
529.490234375000
529.848144531250
530.203125000000
530.570800781250
530.930175781250
531.294921875000
531.654296875000
532.018066406250
532.381835937500
532.741699218750
533.100097656250
533.458007812500
533.818359375000
534.174316406250
534.539550781250
534.893066406250
535.256347656250
535.613281250000
535.978515625000
536.337402343750
536.702636718750
537.062011718750
537.422363281250
537.781738281250
538.141601562500
538.500000000000
538.857910156250
539.225585937500
539.584472656250
539.946777343750
540.306152343750
540.669921875000
541.031250000000
541.396972656250
541.758789062500
542.053710937500
542.476074218750
542.835937500000
543.202148437500
543.562500000000
543.922851562500
544.216796875000
544.646484375000
545.009765625000
545.375000000000
545.734863281250
546.100585937500
546.460449218750
546.827636718750
547.188476562500
547.546875000000
547.906738281250
548.266113281250
548.626464843750
548.983886718750
549.344238281250
549.703613281250
550.068847656250
550.428710937500
550.789550781250
551.149902343750
551.512207031250
551.875000000000
552.234863281250
552.595214843750
552.955566406250
553.313964843750
553.674804687500
554.033691406250
554.397460937500
554.757812500000
555.115234375000
555.477539062500
555.837890625000
556.202148437500
556.560546875000
556.922363281250
557.213378906250
557.640136718750
557.994628906250
558.353027343750
558.709472656250
559.069824218750
559.427246093750
559.782714843750
560.140625000000
560.500000000000
560.853027343750
561.208496093750
561.563476562500
561.916992187500
562.269531250000
562.625000000000
562.975585937500
563.333007812500
563.686523437500
564.048339843750
564.402343750000
564.758789062500
565.065429687500
565.475097656250
565.827636718750
566.183593750000
566.538085937500
566.893066406250
567.249511718750
567.605957031250
567.962402343750
568.317382812500
568.674804687500
569.030273437500
569.393066406250
569.749023437500
570.102539062500
570.459472656250
570.812988281250
571.169921875000
571.521484375000
571.876953125000
572.234863281250
572.593261718750
572.949218750000
573.309570312500
573.602539062500
574.023437500000
574.382812500000
574.736816406250
575.093261718750
575.452148437500
575.806640625000
576.170410156250
576.527343750000
576.883789062500
577.244140625000
577.603027343750
577.966796875000
578.322753906250
578.680175781250
579.036621093750
579.392578125000
579.746093750000
580.108886718750
580.468261718750
580.771972656250
581.180175781250
581.538085937500
581.897949218750
582.255859375000
582.613281250000
582.968750000000
583.322753906250
583.680175781250
584.036621093750
584.393554687500
584.750000000000
585.108886718750
585.467773437500
585.823242187500
586.179687500000
586.540039062500
586.893066406250
587.249511718750
587.602050781250
587.898437500000
588.308593750000
588.669921875000
589.025878906250
589.341796875000
589.734375000000
590.087890625000
590.440429687500
590.794921875000
591.143554687500
591.497070312500
591.846191406250
592.203125000000
592.550781250000
592.904296875000
593.256347656250
593.610351562500
593.966796875000
594.315429687500
594.667480468750
594.960449218750
595.369628906250
595.724609375000
596.078613281250
596.427734375000
596.782714843750
597.133300781250
597.490234375000
597.842773437500
598.193847656250
598.545898437500
598.895507812500
599.242675781250
599.594238281250
599.944335937500
600.292968750000
600.645019531250
600.994140625000
601.346679687500
601.692382812500
602.039550781250
602.390625000000
602.736816406250
603.085937500000
603.432617187500
603.783691406250
604.133789062500
604.483398437500
604.832519531250
605.184570312500
605.526855468750
605.877929687500
606.228515625000
606.576171875000
606.927246093750
607.272460937500
607.630859375000
607.978027343750
608.330078125000
608.681152343750
609.030273437500
609.377929687500
609.728027343750
610.077148437500
610.425292968750
610.776855468750
611.126953125000
611.477539062500
611.827148437500
612.179687500000
612.526367187500
612.874023437500
613.224121093750
613.570312500000
613.920410156250
614.266601562500
614.623046875000
614.970214843750
615.320800781250
615.670898437500
616.021484375000
616.366699218750
616.713867187500
617.066894531250
617.411621093750
617.759765625000
618.107910156250
618.461914062500
618.806152343750
619.157714843750
619.508300781250
619.859375000000
620.206542968750
620.553222656250
620.897460937500
621.250000000000
621.597656250000
621.944824218750
622.291503906250
622.641113281250
622.992187500000
623.338378906250
623.682128906250
624.029785156250
624.375000000000
624.719726562500
625.065429687500
625.412109375000
625.756347656250
626.104492187500
626.451660156250
626.796875000000
627.138183593750
627.481933593750
627.826171875000
628.171386718750
628.515136718750
628.857910156250
629.205078125000
629.547851562500
629.896972656250
630.239257812500
630.583007812500
630.924316406250
631.271972656250
631.615722656250
631.958496093750
632.304687500000
632.648437500000
632.992187500000
633.334472656250
633.676269531250
634.014648437500
634.360351562500
634.701660156250
635.041015625000
635.384765625000
635.726074218750
636.070800781250
636.408203125000
636.748535156250
637.088867187500
637.429199218750
637.772949218750
638.113769531250
638.457519531250
638.799804687500
639.140625000000
639.485351562500
639.821777343750
640.163574218750
640.502441406250
640.846191406250
641.190917968750
641.533691406250
641.876953125000
642.223632812500
642.565429687500
642.906738281250
643.250488281250
643.591796875000
643.937011718750
644.280761718750
644.625000000000
644.969726562500
645.313964843750
645.660156250000
646.001464843750
646.342285156250
646.686035156250
647.027343750000
647.374511718750
647.718261718750
648.063476562500
648.405761718750
648.750488281250
649.091308593750
649.433593750000
649.775878906250
650.120605468750
650.467773437500
650.808593750000
651.149414062500
651.492187500000
651.834960937500
652.175781250000
652.517578125000
652.857421875000
653.204589843750
653.546386718750
653.890625000000
654.234375000000
654.577636718750
654.916503906250
655.252441406250
655.601074218750
655.942871093750
656.288085937500
656.632324218750
656.978515625000
657.322265625000
657.663574218750
658.001464843750
658.345703125000
658.689941406250
659.032226562500
659.377441406250
659.719238281250
660.064941406250
660.409179687500
660.750488281250
661.094726562500
661.437988281250
661.780273437500
662.123535156250
662.468261718750
662.811035156250
663.158203125000
663.500976562500
663.844238281250
664.187988281250
664.527343750000
664.873046875000
665.214355468750
665.556640625000
665.899902343750
666.243652343750
666.587402343750
666.935546875000
667.274902343750
667.617187500000
667.963867187500
668.304687500000
668.647460937500
668.988281250000
669.336914062500
669.678222656250
670.023437500000
670.366210937500
670.703613281250
671.047851562500
671.390625000000
671.731445312500
672.072265625000
672.415039062500
672.758789062500
673.100585937500
673.443359375000
673.766601562500
674.123046875000
674.464355468750
674.803222656250
675.142089843750
675.447265625000
675.821777343750
676.162597656250
676.500976562500
676.842773437500
677.178710937500
677.518554687500
677.854492187500
678.192382812500
678.531250000000
678.870117187500
679.209960937500
679.549804687500
679.881835937500
680.224609375000
680.563476562500
680.898925781250
681.237304687500
681.575195312500
681.914550781250
682.250000000000
682.589355468750
682.925292968750
683.264648437500
683.601074218750
683.936035156250
684.271484375000
684.612304687500
684.946777343750
685.287109375000
685.625000000000
685.961425781250
686.295898437500
686.628906250000
686.967773437500
687.302246093750
687.642089843750
687.979492187500
688.319824218750
688.653808593750
688.987792968750
689.321777343750
689.663085937500
689.998535156250
690.335449218750
690.673339843750
691.010253906250
691.346679687500
691.682128906250
692.020996093750
692.352050781250
692.694335937500
693.028320312500
693.365234375000
693.703125000000
694.039062500000
694.371582031250
694.705078125000
695.037597656250
695.376464843750
695.709472656250
696.047851562500
696.383300781250
696.718261718750
697.049316406250
697.385253906250
697.718261718750
698.056152343750
698.391113281250
698.726562500000
699.065917968750
699.399902343750
699.735839843750
700.066894531250
700.403320312500
700.734863281250
701.077636718750
701.409179687500
701.744628906250
702.084472656250
702.416015625000
702.753417968750
703.085449218750
703.418457031250
703.750488281250
704.089843750000
704.422851562500
704.758300781250
705.092773437500
705.424804687500
705.758789062500
706.091308593750
706.424316406250
706.759277343750
707.091796875000
707.426757812500
707.758789062500
708.089843750000
708.424316406250
708.758789062500
709.092285156250
709.423339843750
709.758300781250
710.094238281250
710.423339843750
710.756347656250
711.087890625000
711.421386718750
711.750000000000
712.087402343750
712.416992187500
712.752441406250
713.083984375000
713.416015625000
713.750488281250
714.080078125000
714.414062500000
714.746582031250
715.083007812500
715.416015625000
715.749023437500
716.080078125000
716.414550781250
716.749511718750
717.080566406250
717.415039062500
717.750976562500
718.085937500000
718.418457031250
718.750976562500
719.086425781250
719.420410156250
719.752441406250
720.084472656250
720.422363281250
720.757324218750
721.088378906250
721.421875000000
721.754882812500
722.084472656250
722.418945312500
722.750976562500
723.085937500000
723.419921875000
723.753906250000
724.082031250000
724.414550781250
724.743652343750
725.079101562500
725.407226562500
725.742187500000
726.075195312500
726.406738281250
726.741210937500
727.070800781250
727.400878906250
727.732421875000
728.069824218750
728.400878906250
728.734863281250
729.068847656250
729.400390625000
729.732421875000
730.063964843750
730.396972656250
730.727050781250
731.062988281250
731.393554687500
731.729003906250
732.060546875000
732.391113281250
732.722167968750
733.054687500000
733.387207031250
733.718261718750
734.054199218750
734.384277343750
734.718750000000
735.047851562500
735.377929687500
735.706542968750
736.046386718750
736.317871093750
736.699218750000
737.031738281250
737.367187500000
737.696289062500
738.031250000000
738.359375000000
738.698730468750
739.028808593750
739.366210937500
739.696777343750
740.031250000000
740.359863281250
740.693847656250
741.022949218750
741.356933593750
741.688476562500
742.021972656250
742.353027343750
742.686523437500
743.014160156250
743.344238281250
743.670898437500
744.006347656250
744.332031250000
744.665527343750
744.998046875000
745.325683593750
745.658691406250
745.983398437500
746.313476562500
746.638671875000
746.976074218750
747.303710937500
747.633300781250
747.962890625000
748.292480468750
748.625488281250
748.949707031250
749.279296875000
749.608398437500
749.937011718750
750.266601562500
750.593261718750
750.916992187500
751.248046875000
751.574218750000
751.905761718750
752.229492187500
752.557128906250
752.891113281250
753.217285156250
753.546875000000
753.873535156250
754.198730468750
754.524902343750
754.858886718750
755.185546875000
755.512695312500
755.839843750000
756.170410156250
756.495117187500
756.822265625000
757.152343750000
757.484375000000
757.811035156250
758.141113281250
758.467773437500
758.796386718750
759.126953125000
759.451660156250
759.782226562500
760.106445312500
760.440917968750
760.767089843750
761.096191406250
761.423339843750
761.750976562500
762.080566406250
762.406250000000
762.734375000000
763.060546875000
763.391113281250
763.717773437500
764.045898437500
764.371582031250
764.694824218750
765.024902343750
765.348632812500
765.680664062500
766.005859375000
766.342773437500
766.664550781250
766.992187500000
767.319824218750
767.649414062500
767.978027343750
768.304199218750
768.634765625000
768.961914062500
769.290527343750
769.615234375000
769.945800781250
770.268554687500
770.602050781250
770.927246093750
771.255859375000
771.587402343750
771.915527343750
772.240722656250
772.566406250000
772.891601562500
773.219238281250
773.546386718750
773.875488281250
774.203613281250
774.532226562500
774.860351562500
775.185546875000
775.509277343750
775.837890625000
776.168945312500
776.493652343750
776.824218750000
777.154296875000
777.485351562500
777.812988281250
778.139648437500
778.466308593750
778.797851562500