0.264648437500000
0.787597656250000
1.31103515625000
1.87744140625000
2.49853515625000
3.12011718750000
3.72851562500000
4.29980468750000
4.83593750000000
5.35156250000000
5.87695312500000
6.43896484375000
7.06982421875000
7.71044921875000
8.31689453125000
8.91894531250000
9.48583984375000
10.0336914062500
10.5732421875000
11.1069335937500
11.6220703125000
12.1303710937500
12.6293945312500
13.1191406250000
13.6132812500000
14.1040039062500
14.5942382812500
15.0883789062500
15.5874023437500
16.0820312500000
16.5727539062500
17.0625000000000
17.5424804687500
18.0244140625000
18.5024414062500
18.9843750000000
19.4614257812500
19.9384765625000
20.4218750000000
20.9072265625000
21.4057617187500
21.9067382812500
22.4213867187500
22.9487304687500
23.4877929687500
24.0312500000000
24.5634765625000
25.0844726562500
25.5864257812500
26.0859375000000
26.5791015625000
27.0688476562500
27.5620117187500
28.0595703125000
28.5625000000000
29.0561523437500
29.5488281250000
30.0468750000000
30.5375976562500
31.0229492187500
31.5078125000000
31.9921875000000
32.4790039062500
32.9667968750000
33.4458007812500
33.9223632812500
34.3994140625000
34.8852539062500
35.3847656250000
35.8979492187500
36.4213867187500
36.9404296875000
37.4545898437500
37.9565429687500
38.4599609375000
38.9560546875000
39.4541015625000
39.9506835937500
40.4399414062500
40.9379882812500
41.4311523437500
41.9160156250000
42.3979492187500
42.8750000000000
43.3554687500000
43.8349609375000
44.3100585937500
44.7827148437500
45.2651367187500
45.7675781250000
46.2724609375000
46.7724609375000
47.2651367187500
47.7592773437500
48.2519531250000
48.7412109375000
49.2319335937500
49.7192382812500
50.2055664062500
50.6884765625000
51.1723632812500
51.6557617187500
52.1411132812500
52.6333007812500
53.1411132812500
53.6645507812500
54.1850585937500
54.6894531250000
55.1962890625000
55.6958007812500
56.1879882812500
56.6865234375000
57.1879882812500
57.6958007812500
58.1958007812500
58.6889648437500
59.1787109375000
59.6645507812500
60.1440429687500
60.6250000000000
61.1166992187500
61.6123046875000
62.1069335937500
62.6000976562500
63.0869140625000
63.5766601562500
64.0581054687500
64.5395507812500
65.0156250000000
65.4931640625000
65.9843750000000
66.4785156250000
66.9716796875000
67.4614257812500
67.9541015625000
68.4526367187500
68.9541015625000
69.4531250000000
69.9438476562500
70.4291992187500
70.9238281250000
71.4453125000000
71.9785156250000
72.5185546875000
73.0380859375000
73.5532226562500
74.0703125000000
74.5795898437500
75.0854492187500
75.5766601562500
76.0571289062500
76.5390625000000
77.0151367187500
77.4863281250000
77.9604492187500
78.4306640625000
78.9057617187500
79.3750000000000
79.8447265625000
80.3134765625000
80.7753906250000
81.2412109375000
81.7104492187500
82.1879882812500
82.6635742187500
83.1406250000000
83.6118164062500
84.0874023437500
84.5708007812500
85.0620117187500
85.5698242187500
86.0849609375000
86.5927734375000
87.0991210937500
87.6010742187500
88.0947265625000
88.5922851562500
89.0834960937500
89.5781250000000
90.0722656250000
90.5629882812500
91.0488281250000
91.5332031250000
92.0195312500000
92.5004882812500
92.9882812500000
93.4755859375000
93.9526367187500
94.4218750000000
94.8964843750000
95.3588867187500
95.8271484375000
96.2900390625000
96.7504882812500
97.2036132812500
97.6586914062500
98.1166992187500
98.5703125000000
99.0244140625000
99.4868164062500
99.9550781250000
100.422363281250
100.882812500000
101.337890625000
101.790039062500
102.243652343750
102.695800781250
103.144042968750
103.593750000000
104.053222656250
104.521484375000
104.990722656250
105.467773437500
105.954101562500
106.453125000000
106.946289062500
107.437011718750
107.922363281250
108.405761718750
108.890136718750
109.373046875000
109.845703125000
110.315429687500
110.781250000000
111.242187500000
111.702148437500
112.158203125000
112.613281250000
113.062500000000
113.507324218750
113.954101562500
114.399414062500
114.844238281250
115.290527343750
115.741210937500
116.194824218750
116.640625000000
117.087890625000
117.540527343750
118.000976562500
118.470703125000
118.945800781250
119.415527343750
119.882324218750
120.345214843750
120.813964843750
121.289550781250
121.765625000000
122.236328125000
122.708496093750
123.179687500000
123.657714843750
124.135742187500
124.616210937500
125.093750000000
125.571289062500
126.046875000000
126.516113281250
126.984863281250
127.454101562500
127.913085937500
128.375000000000
128.836914062500
129.300292968750
129.759765625000
130.218750000000
130.678222656250
131.141113281250
131.592773437500
132.046386718750
132.499023437500
132.947265625000
133.406738281250
133.868652343750
134.329101562500
134.782714843750
135.240722656250
135.698730468750
136.166992187500
136.641113281250
137.117675781250
137.591796875000
138.062500000000
138.541015625000
139.024414062500
139.520019531250
140.007812500000
140.493164062500
140.976074218750
141.456542968750
141.936523437500
142.414550781250
142.883789062500
143.352050781250
143.812988281250
144.269531250000
144.721679687500
145.171386718750
145.618164062500
146.065429687500
146.507324218750
146.946777343750
147.388671875000
147.829589843750
148.280273437500
148.733886718750
149.188476562500
149.642578125000
150.095214843750
150.553710937500
151.022949218750
151.492675781250
151.961914062500
152.429199218750
152.891601562500
153.357421875000
153.824707031250
154.296386718750
154.765136718750
155.233398437500
155.697265625000
156.158691406250
156.616699218750
157.070800781250
157.521972656250
157.968750000000
158.416015625000
158.865722656250
159.310546875000
159.757324218750
160.202148437500
160.647460937500
161.092285156250
161.539062500000
161.979003906250
162.420898437500
162.861816406250
163.304687500000
163.749511718750
164.195312500000
164.634277343750
165.080078125000
165.532714843750
165.998535156250
166.469238281250
166.939941406250
167.406250000000
167.861816406250
168.321289062500
168.780761718750
169.235839843750
169.694824218750
170.154785156250
170.617187500000
171.078125000000
171.531738281250
171.985839843750
172.437011718750
172.883789062500
173.329589843750
173.787597656250
174.244140625000
174.718750000000
175.194824218750
175.671875000000
176.144531250000
176.611816406250
177.079101562500
177.548339843750
178.021972656250
178.492187500000
178.955566406250
179.421875000000
179.882812500000
180.335449218750
180.790039062500
181.238281250000
181.686035156250
182.124511718750
182.562988281250
183.001953125000
183.437500000000
183.881835937500
184.325195312500
184.773437500000
185.219726562500
185.664062500000
186.110351562500
186.560058593750
187.000976562500
187.444824218750
187.883300781250
188.322265625000
188.764648437500
189.211425781250
189.650878906250
190.093750000000
190.533203125000
190.977050781250
191.414550781250
191.852539062500
192.290039062500
192.726074218750
193.163574218750
193.591796875000
194.023925781250
194.449218750000
194.882324218750
195.307128906250
195.733886718750
196.156250000000
196.575683593750
196.994628906250
197.414550781250
197.830078125000
198.248535156250
198.659667968750
199.079101562500
199.499511718750
199.922363281250
200.342285156250
200.757324218750
201.173339843750
201.587890625000
202.015625000000
202.445800781250
202.867675781250
203.295410156250
203.719238281250
204.148437500000
204.572753906250
205.002441406250
205.431640625000
205.859375000000
206.289062500000
206.719238281250
207.157226562500
207.603027343750
208.053710937500
208.500488281250
208.945312500000
209.386230468750
209.827148437500
210.266113281250
210.703613281250
211.134765625000
211.570800781250
212.000976562500
212.432617187500
212.858398437500
213.289062500000
213.719238281250
214.143554687500
214.570312500000
214.998046875000
215.424804687500
215.859863281250
216.299316406250
216.741699218750
217.179199218750
217.611816406250
218.048339843750
218.485351562500
218.920898437500
219.360839843750
219.797363281250
220.234375000000
220.670898437500
221.110351562500
221.546386718750
221.984863281250
222.424316406250
222.866210937500
223.305175781250
223.742187500000
224.179199218750
224.616210937500
225.048339843750
225.483398437500
225.914550781250
226.342285156250
226.766601562500
227.189941406250
227.611328125000
228.031738281250
228.452636718750
228.868652343750
229.289062500000
229.704589843750
230.124511718750
230.541992187500
230.961914062500
231.377929687500
231.798339843750
232.213867187500
232.632812500000
233.049804687500
233.468750000000
233.884277343750
234.298828125000
234.719238281250
235.135253906250
235.552734375000
235.968750000000
236.384277343750
236.804199218750
237.218261718750
237.634277343750
238.051757812500
238.469726562500
238.891113281250
239.307617187500
239.729003906250
240.150878906250
240.577148437500
240.998535156250
241.415039062500
241.834960937500
242.250488281250
242.671386718750
243.084960937500
243.500000000000
243.914062500000
244.328125000000
244.743164062500
245.159179687500
245.572753906250
245.985351562500
246.398437500000
246.813964843750
247.235839843750
247.654785156250
248.071289062500
248.491699218750
248.913085937500
249.336425781250
249.756835937500
250.175292968750
250.596679687500
251.018554687500
251.437988281250
251.859863281250
252.281738281250
252.705566406250
253.126464843750
253.547851562500
253.966796875000
254.385253906250
254.805664062500
255.228515625000
255.647460937500
256.062500000000
256.477539062500
256.899414062500
257.319824218750
257.734375000000
258.149902343750
258.563476562500
258.976562500000
259.384277343750
259.791992187500
260.203125000000
260.610351562500
261.017578125000
261.428222656250
261.838378906250
262.252441406250
262.666015625000
263.077148437500
263.485839843750
263.898925781250
264.311523437500
264.716796875000
265.123535156250
265.525390625000
265.934570312500
266.336425781250
266.742675781250
267.146972656250
267.548828125000
267.955078125000
268.357910156250
268.766601562500
269.170898437500
269.572753906250
269.978027343750
270.383789062500
270.789062500000
271.188964843750
271.590332031250
271.992675781250
272.396972656250
272.798828125000
273.204101562500
273.605957031250
274.009277343750
274.414550781250
274.820312500000
275.219238281250
275.623046875000
276.024414062500
276.429199218750
276.833496093750
277.233398437500
277.632812500000
278.032714843750
278.431152343750
278.834472656250
279.230957031250
279.627441406250
280.025390625000
280.422851562500
280.821289062500
281.218261718750
281.615234375000
282.012695312500
282.406250000000
282.800292968750
283.193359375000
283.585937500000
283.983886718750
284.371093750000
284.760253906250
285.155761718750
285.552246093750
285.945312500000
286.336425781250
286.733398437500
287.127929687500
287.531738281250
287.936035156250
288.336425781250
288.740234375000
289.142578125000
289.546386718750
289.941406250000
290.342773437500
290.740722656250
291.135253906250
291.531250000000
291.922851562500
292.315917968750
292.708007812500
293.103027343750
293.493164062500
293.884765625000
294.279785156250
294.671386718750
295.065429687500
295.460937500000
295.852050781250
296.243652343750
296.640625000000
297.041015625000
297.436035156250
297.829589843750
298.227050781250
298.624023437500
299.016601562500
299.414062500000
299.804199218750
300.196777343750
300.593261718750
300.979492187500
301.373046875000
301.767089843750
302.156738281250
302.549316406250
302.945312500000
303.336425781250
303.729003906250
304.124511718750
304.513671875000
304.902343750000
305.291992187500
305.687011718750
306.079589843750
306.468261718750
306.854003906250
307.243164062500
307.634277343750
308.022949218750
308.406250000000
308.790527343750
309.178222656250
309.562500000000
309.946289062500
310.330566406250
310.711914062500
311.094726562500
311.478027343750
311.857910156250
312.240722656250
312.620117187500
312.999511718750
313.382324218750
313.759765625000
314.140625000000
314.523925781250
314.904296875000
315.288574218750
315.671386718750
316.048339843750
316.430175781250
316.809570312500
317.194335937500
317.574218750000
317.959960937500
318.341796875000
318.720703125000
319.107421875000
319.488281250000
319.874511718750
320.256347656250
320.634765625000
321.018066406250
321.398437500000
321.781250000000
322.165527343750
322.547363281250
322.926269531250
323.304687500000
323.688964843750
324.072753906250
324.452636718750
324.830078125000
325.209960937500
325.587890625000
325.969238281250
326.349121093750
326.726562500000
327.105468750000
327.485351562500
327.866210937500
328.243652343750
328.624023437500
329.002441406250
329.385253906250
329.766113281250
330.142578125000
330.520507812500
330.898437500000
331.279785156250
331.658203125000
332.033203125000
332.408691406250
332.785156250000
333.163574218750
333.541015625000
333.914062500000
334.289062500000
334.660156250000
335.033691406250
335.407226562500
335.776367187500
336.148925781250
336.520019531250
336.891601562500
337.264648437500
337.634765625000
338.007812500000
338.377441406250
338.750488281250
339.125000000000
339.493652343750
339.868652343750
340.242187500000
340.617675781250
340.991210937500
341.366699218750
341.741210937500
342.114746093750
342.487304687500
342.860351562500
343.233886718750
343.609863281250
343.983398437500
344.357910156250
344.729003906250
345.099609375000
345.471679687500
345.843261718750
346.216308593750
346.590820312500
346.960937500000
347.333007812500
347.703613281250
348.077636718750
348.453125000000
348.824707031250
349.196777343750
349.567382812500
349.940429687500
350.316406250000
350.687500000000
351.056640625000
351.425292968750
351.797363281250
352.171875000000
352.541015625000
352.909667968750
353.281250000000
353.650390625000
354.023437500000
354.391113281250
354.764160156250
355.132812500000
355.507812500000
355.876464843750
356.245117187500
356.617675781250
356.988281250000
357.363769531250
357.735351562500
358.103027343750
358.472167968750
358.843750000000
359.218750000000
359.584472656250
359.948730468750
360.320312500000
360.687500000000
361.061035156250
361.424804687500
361.789550781250
362.156738281250
362.523437500000
362.892089843750
363.257324218750
363.621093750000
363.986816406250
364.354492187500
364.725097656250
365.088378906250
365.454101562500
365.820800781250
366.187011718750
366.554687500000
366.917480468750
367.281738281250
367.646972656250
368.011230468750
368.376953125000
368.737304687500
369.102539062500
369.467285156250
369.828125000000
370.194335937500
370.554199218750
370.915527343750
371.280761718750
371.642578125000
372.007324218750
372.368164062500
372.727050781250
373.092285156250
373.453125000000
373.811523437500
374.173339843750
374.531250000000
374.891601562500
375.251953125000
375.610351562500
375.970703125000
376.328613281250
376.688476562500
377.048339843750
377.413574218750
377.772460937500
378.127929687500
378.485839843750
378.851074218750
379.209472656250
379.571289062500
379.929199218750
380.294433593750
380.657226562500
381.022949218750
381.386230468750
381.750976562500
382.118652343750
382.486328125000
382.857910156250
383.228027343750
383.600585937500
383.969726562500
384.342773437500
384.717285156250
385.088867187500
385.458496093750
385.836425781250
386.210449218750
386.585449218750
386.966308593750
387.342285156250
387.719238281250
388.095703125000
388.477050781250
388.852050781250
389.226562500000
389.599609375000
389.976074218750
390.352050781250
390.721191406250
391.091796875000
391.462402343750
391.834960937500
392.207031250000
392.577148437500
392.946289062500
393.319335937500
393.687011718750
394.057128906250
394.428710937500
394.797363281250
395.165527343750
395.531738281250
395.901367187500
396.271484375000
396.638183593750
397.005859375000
397.367187500000
397.739746093750
398.101562500000
398.467773437500
398.830078125000
399.194335937500
399.562011718750
399.921875000000
400.281738281250
400.644531250000
401.007324218750
401.374023437500
401.730468750000
402.091796875000
402.453125000000
402.813964843750
403.174316406250
403.531250000000
403.893066406250
404.252929687500
404.614746093750
404.971679687500
405.329101562500
405.688964843750
406.053222656250
406.406250000000
406.767089843750
407.126464843750
407.492187500000
407.851074218750
408.210449218750
408.570312500000
408.928710937500
409.291015625000
409.648437500000
410.010253906250
410.373046875000
410.738281250000
411.093750000000
411.456054687500
411.816406250000
412.179199218750
412.541015625000
412.898437500000
413.264648437500
413.625000000000
413.993652343750
414.351562500000
414.718261718750
415.080566406250
415.447753906250
415.807128906250
416.167480468750
416.530761718750
416.890625000000
417.258300781250
417.617187500000
417.981445312500
418.343750000000
418.709472656250
419.077636718750
419.437988281250
419.798339843750
420.164062500000
420.525390625000
420.885742187500
421.250976562500
421.609375000000
421.970214843750
422.332031250000
422.697265625000
423.058593750000
423.416503906250
423.777343750000
424.135253906250
424.499511718750
424.855468750000
425.215332031250
425.570312500000
425.936523437500
426.296875000000
426.657226562500
427.015625000000
427.375000000000
427.734863281250
428.090332031250
428.454101562500
428.812500000000
429.171875000000
429.531250000000
429.892089843750
430.250000000000
430.611328125000
430.975097656250
431.331054687500
431.688476562500
432.046875000000
432.405273437500
432.761718750000
433.123535156250
433.480468750000
433.843261718750
434.207031250000
434.565917968750
434.929687500000
435.289062500000
435.649414062500
436.007812500000
436.374511718750
436.734375000000
437.095214843750
437.456054687500
437.817871093750
438.175781250000
438.533203125000
438.892578125000
439.250000000000
439.610839843750
439.966796875000
440.325683593750
440.679687500000
441.041015625000
441.398437500000
441.758300781250
442.118652343750
442.478515625000
442.834960937500
443.188964843750
443.547851562500
443.906250000000
444.266601562500
444.621093750000
444.978515625000
445.335937500000
445.696777343750
446.061035156250
446.418945312500
446.778320312500
447.133300781250
447.492675781250
447.851562500000
448.212890625000
448.570312500000
448.927734375000
449.285156250000
449.643554687500
450.007324218750
450.361816406250
450.718750000000
451.071289062500
451.430664062500
451.788574218750
452.145996093750
452.500000000000
452.857421875000
453.210937500000
453.573242187500
453.929687500000
454.283691406250
454.640625000000
454.992675781250
455.352050781250
455.707031250000
456.063476562500
456.417968750000
456.776367187500
457.139648437500
457.492187500000
457.851562500000
458.202636718750
458.561035156250
458.914550781250
459.272460937500
459.625000000000
459.985351562500
460.343750000000
460.703125000000
461.062011718750
461.414550781250
461.771484375000
462.124511718750
462.484863281250
462.837402343750
463.194824218750
463.546875000000
463.909179687500
464.265625000000
464.620117187500
464.976562500000
465.328613281250
465.687011718750
466.039062500000
466.393554687500
466.746093750000
467.102539062500
467.456054687500
467.812500000000
468.163085937500
468.511230468750
468.866699218750
469.218750000000
469.570312500000
469.921875000000
470.272949218750
470.625976562500
470.979003906250
471.330078125000
471.680175781250
472.033691406250
472.382812500000
472.736816406250
473.092285156250
473.445800781250
473.796875000000
474.148925781250
474.500488281250
474.852050781250
475.202148437500
475.554687500000
475.909667968750
476.261718750000
476.611328125000
476.968750000000
477.320800781250
477.673339843750
478.024414062500
478.381835937500
478.730468750000
479.084960937500
479.437500000000
479.790039062500
480.148437500000
480.500488281250
480.855468750000
481.205566406250
481.562500000000
481.914062500000
482.272949218750
482.625000000000
482.986328125000
483.343750000000
483.698242187500
484.054687500000
484.415039062500
484.766113281250
485.119140625000
485.477539062500
485.832031250000
486.188964843750
486.546875000000
486.906250000000
487.261718750000
487.616210937500
487.971679687500
488.326660156250
488.680664062500
489.032226562500
489.386718750000
489.738281250000
490.094726562500
490.452148437500
490.804687500000
491.156250000000
491.508789062500
491.865234375000
492.213378906250
492.570312500000
492.917968750000
493.274414062500
493.625000000000
493.978515625000
494.332031250000
494.686035156250
495.039062500000
495.387695312500
495.742187500000
496.092773437500
496.439941406250
496.789062500000
497.141601562500
497.492187500000
497.848632812500
498.199218750000
498.546875000000
498.896972656250
499.242187500000
499.594238281250
499.945312500000
500.295898437500
500.648437500000
500.994628906250
501.339843750000
501.687011718750
502.035156250000
502.382324218750
502.732910156250
503.078125000000
503.421875000000
503.767578125000
504.117675781250
504.465820312500
504.806640625000
505.154785156250
505.500000000000
505.847656250000
506.195312500000
506.543457031250
506.890625000000
507.234863281250
507.583496093750
507.928222656250
508.272949218750
508.617187500000
508.967285156250
509.312500000000
509.666015625000
510.007812500000
510.351562500000
510.695800781250
511.039062500000
511.384277343750
511.726562500000
512.078125000000
512.421875000000
512.763183593750
513.109375000000
513.452636718750
513.797363281250
514.136718750000
514.484863281250
514.828125000000
515.166992187500
515.507812500000
515.851562500000
516.196777343750
516.539062500000
516.883300781250
517.226562500000
517.573242187500
517.937500000000
518.258300781250
518.601562500000
518.946289062500
519.290527343750
519.640625000000
519.985351562500
520.328125000000
520.679687500000
521.027343750000
521.367187500000
521.714843750000
522.058593750000
522.404296875000
522.750000000000
523.096679687500
523.445312500000
523.787109375000
524.128906250000
524.476562500000
524.818847656250
525.160156250000
525.503417968750
525.847656250000
526.196777343750
526.539062500000
526.882812500000
527.226562500000
527.571777343750
527.914550781250
528.257812500000
528.603515625000
528.948730468750
529.294433593750
529.635253906250
529.977539062500
530.324707031250
530.664062500000
531.014648437500
531.351562500000
531.694824218750
532.038574218750
532.381835937500
532.725585937500
533.064453125000
533.407714843750
533.750000000000
534.095214843750
534.429687500000
534.782714843750
535.128906250000
535.469726562500
535.811523437500
536.152343750000
536.498046875000
536.843750000000
537.187988281250
537.531250000000
537.874511718750
538.219726562500
538.561035156250
538.903320312500
539.246093750000
539.593261718750
539.937500000000
540.281250000000
540.628417968750
540.968261718750
541.311523437500
541.652343750000
541.998046875000
542.339843750000
542.688476562500
543.035156250000
543.376464843750
543.718750000000
544.062500000000
544.408203125000
544.750000000000
545.095703125000
545.445800781250
545.789062500000
546.132812500000
546.477050781250
546.822753906250
547.167480468750
547.516601562500
547.860839843750
548.211425781250
548.556152343750
548.904785156250
549.250000000000
549.601074218750
549.945800781250
550.288574218750
550.634765625000
550.976562500000
551.324707031250
551.667968750000
552.018554687500
552.361328125000
552.702636718750
553.046875000000
553.391601562500
553.733886718750
554.076660156250
554.422363281250
554.767089843750
555.106933593750
555.447753906250
555.794433593750
556.134277343750
556.477539062500
556.821777343750
557.166015625000
557.510253906250
557.854492187500
558.201171875000
558.546386718750
558.893066406250
559.234375000000
559.574218750000
559.921386718750
560.267578125000
560.611328125000
560.959472656250
561.298339843750
561.647460937500
561.991210937500
562.333496093750
562.679687500000
563.025390625000
563.374023437500
563.722167968750
564.069335937500
564.409667968750
564.756835937500
565.100585937500
565.444824218750
565.789062500000
566.134765625000
566.478027343750
566.828125000000
567.171386718750
567.514648437500
567.855957031250
568.199218750000
568.541992187500
568.890136718750
569.231933593750
569.571289062500
569.914550781250
570.258789062500
570.595214843750
570.938476562500
571.280761718750
571.619140625000
571.962402343750
572.305664062500
572.648437500000
572.983886718750
573.321777343750
573.660156250000
574.005859375000
574.343750000000
574.678710937500
575.022949218750
575.358886718750
575.698730468750
576.035156250000
576.374023437500
576.710937500000
577.056152343750
577.395507812500
577.733886718750
578.070800781250
578.414062500000
578.749511718750
579.089843750000
579.434570312500
579.773437500000
580.109375000000
580.447753906250
580.785156250000
581.125488281250
581.470703125000
581.805175781250
582.141601562500
582.479980468750
582.815917968750
583.152343750000
583.488769531250
583.828125000000
584.164062500000
584.507812500000
584.841796875000
585.178222656250
585.511718750000
585.847656250000
586.187500000000
586.524414062500
586.859375000000
587.195800781250
587.531250000000
587.866210937500
588.202636718750
588.539062500000
588.874511718750
589.210937500000
589.547851562500
589.882812500000
590.213378906250
590.548828125000
590.883300781250
591.225585937500
591.554687500000
591.892089843750
592.228515625000
592.562011718750
592.897949218750
593.234375000000
593.569335937500
593.906250000000
594.243164062500
594.582031250000
594.914062500000
595.251464843750
595.584960937500
595.923339843750
596.257812500000
596.594238281250
596.931152343750
597.265625000000
597.602050781250
597.937500000000
598.272949218750
598.609375000000
598.946289062500
599.283691406250
599.614746093750
599.948730468750
600.281250000000
600.617675781250
600.954101562500
601.297363281250
601.626953125000
601.960449218750
602.297363281250
602.644531250000
602.966796875000
603.304687500000
603.640136718750
603.977050781250
604.308105468750
604.648437500000
604.980468750000
605.320800781250
605.652343750000
605.990722656250
606.330078125000
606.664550781250
606.999511718750
607.332031250000
607.672851562500
608.014648437500
608.351074218750
608.687011718750
609.024902343750
609.364746093750
609.703125000000
610.043945312500
610.385742187500
610.727050781250
611.064453125000
611.401855468750
611.742187500000
612.078125000000
612.420410156250
612.757812500000
613.094238281250
613.430175781250
613.772949218750
614.108398437500
614.437500000000
614.779785156250
615.117187500000
615.454101562500
615.789550781250
616.130371093750
616.461914062500
616.801269531250
617.134765625000
617.474609375000
617.813964843750
618.149414062500
618.484375000000
618.821289062500
619.171875000000
619.498046875000
619.836425781250
620.178222656250
620.516113281250
620.853515625000
621.188964843750
621.527343750000
621.868164062500
622.203125000000
622.545898437500
622.883300781250
623.218261718750
623.557128906250
623.893066406250
624.229980468750
624.566406250000
624.904296875000
625.242187500000
625.579589843750
625.914550781250
626.248535156250
626.586914062500
626.914062500000
627.257812500000
627.585937500000
627.924804687500
628.260742187500
628.592285156250
628.925781250000
629.253906250000
629.587890625000
629.937500000000
630.258300781250
630.589355468750
630.920898437500
631.251953125000
631.585937500000
631.920410156250
632.252441406250
632.585449218750
632.915039062500
633.242187500000
633.579101562500
633.906250000000
634.244140625000
634.574218750000
634.905761718750
635.234375000000
635.582031250000
635.897949218750
636.226562500000
636.554687500000
636.891601562500
637.218750000000
637.547851562500
637.878906250000
638.209960937500
638.539566604165
638.873535156250
639.201351018559
639.526367187500
639.856933593750
640.187500000000
640.520507812500
640.779296875000
641.171875000000
641.502441406250
641.835937500000
642.163085937500
642.492187500000
642.822265625000
643.152343750000
643.485351562500
643.816406250000
644.141601562500
644.470214843750
644.796875000000
645.131835937500
645.464843750000
645.791992187500
646.117187500000
646.447753906250
646.776855468750
647.109375000000
647.438476562500
647.769531250000
648.102539062500
648.429687500000
648.757812500000
649.087890625000
649.433593750000
649.750000000000
650.078125000000
650.410644531250
650.738281250000
651.068847656250
651.398437500000
651.728027343750
652.058105468750
652.390625000000
652.718750000000
653.050781250000
653.375000000000
653.707031250000
654.039062500000
654.366210937500
654.699218750000
655.023925781250
655.354980468750
655.680664062500
656.011230468750
656.342285156250
656.669921875000
657.000488281250
657.325195312500
657.657226562500
657.984375000000
658.312500000000
658.640625000000
658.969726562500
659.300781250000
659.625000000000
659.953125000000
660.282714843750
660.605468750000
660.937500000000
661.266601562500
661.594238281250
661.921875000000
662.246582031250
662.570312500000
662.905761718750
663.230468750000
663.561523437500
663.890625000000
664.212890625000
664.541503906250
664.871093750000
665.195800781250
665.523437500000
665.851562500000
666.173828125000
666.500000000000
666.825195312500
667.151855468750
667.479003906250
667.804199218750
668.130371093750
668.455078125000
668.796875000000
669.105468750000
669.431152343750
669.761718750000
670.085937500000
670.406250000000
670.735351562500
671.058593750000
671.384765625000
671.712402343750
672.041992187500
672.366699218750
672.690917968750
673.017578125000
673.343750000000
673.671875000000
674.001464843750
674.329589843750
674.652832031250
674.978515625000
675.307128906250
675.635742187500
675.961425781250
676.289062500000
676.618164062500
676.937500000000
677.264160156250
677.585937500000
677.914062500000
678.238281250000
678.564453125000
678.889648437500
679.212890625000
679.535156250000
679.861328125000
680.187500000000
680.511718750000
680.835937500000
681.157226562500
681.482421875000
681.804687500000
682.128906250000
682.453125000000
682.780273437500
683.101562500000
683.421875000000
683.746093750000
684.070800781250
684.390625000000
684.717773437500
685.039550781250
685.363281250000
685.687011718750
686.007812500000
686.332031250000
686.658691406250
686.984375000000
687.303710937500
687.628906250000
687.948242187500
688.273437500000
688.602539062500
688.925781250000
689.247558593750
689.570312500000
689.891113281250
690.226562500000
690.539550781250
690.863281250000
691.188476562500
691.523437500000
691.832519531250
692.158203125000
692.480468750000
692.804199218750
693.128906250000
693.453125000000
693.773437500000
694.098632812500
694.421875000000
694.742187500000
695.067382812500
695.393554687500
695.712402343750
696.037597656250
696.359375000000
696.679687500000
697.003906250000
697.330078125000
697.652343750000
697.969726562500
698.291503906250
698.617187500000
698.938964843750
699.257812500000
699.581054687500
699.902343750000
700.223632812500
700.544921875000
700.867187500000
701.186523437500
701.511230468750
701.833007812500
702.149414062500
702.469726562500
702.790527343750
703.113281250000
703.435546875000
703.757812500000
704.077636718750
704.395507812500
704.710937500000
705.039062500000
705.359375000000
705.678710937500
706
706.318847656250
706.640625000000
706.959472656250
707.280761718750
707.597656250000
707.922851562500
708.236328125000
708.554687500000
708.876953125000
709.195312500000
709.514160156250
709.835937500000
710.154785156250
710.472656250000
710.791992187500
711.110839843750
711.429687500000
711.755371093750
712.070312500000
712.389160156250
712.709472656250
713.027343750000
713.347167968750
713.670898437500
713.989257812500
714.307128906250
714.625000000000
714.945312500000
715.265625000000
715.583984375000
715.904785156250
716.220703125000
716.540039062500
716.860351562500
717.180175781250
717.503906250000
717.821777343750
718.139648437500
718.459960937500
718.776855468750
719.101562500000
719.420898437500
719.741210937500
720.057617187500
720.375000000000
720.697265625000
721.016601562500
721.336425781250
721.658691406250
721.976074218750
722.296386718750
722.613281250000
722.931152343750
723.254394531250
723.576660156250
723.892089843750
724.211914062500
724.531738281250
724.852050781250
725.171875000000
725.488769531250
725.808593750000
726.126464843750
726.445800781250
726.766113281250
727.082031250000
727.405273437500
727.720214843750
728.040527343750
728.375000000000
728.679199218750
729.001464843750
729.321289062500
729.638671875000