0.466796875000000
1.02685546875000
1.59277343750000
2.17968750000000
2.81347656250000
3.52880859375000
4.28173828125000
4.98681640625000
5.68505859375000
6.38232421875000
7.06542968750000
7.72265625000000
8.35107421875000
8.98437500000000
9.60546875000000
10.2133789062500
10.8041992187500
11.3857421875000
11.9707031250000
12.5625000000000
13.1406250000000
13.7192382812500
14.2817382812500
14.8334960937500
15.3769531250000
15.9233398437500
16.4707031250000
17.0170898437500
17.5610351562500
18.0952148437500
18.6357421875000
19.1704101562500
19.7036132812500
20.2431640625000
20.7812500000000
21.3256835937500
21.8618164062500
22.3896484375000
22.9155273437500
23.4448242187500
23.9765625000000
24.5019531250000
25.0307617187500
25.5493164062500
26.0722656250000
26.5947265625000
27.1250000000000
27.6445312500000
28.1713867187500
28.6894531250000
29.2143554687500
29.7397460937500
30.2739257812500
30.8046875000000
31.3408203125000
31.8769531250000
32.4155273437500
32.9531250000000
33.4873046875000
34.0195312500000
34.5454101562500
35.0698242187500
35.5952148437500
36.1269531250000
36.6625976562500
37.1904296875000
37.7177734375000
38.2416992187500
38.7602539062500
39.2827148437500
39.8076171875000
40.3339843750000
40.8613281250000
41.3906250000000
41.9223632812500
42.4443359375000
42.9624023437500
43.4804687500000
44.0014648437500
44.5258789062500
45.0576171875000
45.6005859375000
46.1582031250000
46.7324218750000
47.3061523437500
47.8740234375000
48.4389648437500
49.0073242187500
49.5712890625000
50.1328125000000
50.6884765625000
51.2377929687500
51.7734375000000
52.2988281250000
52.8286132812500
53.3706054687500
53.9545898437500
54.5605468750000
55.1713867187500
55.8120117187500
56.4306640625000
57.0161132812500
57.5825195312500
58.1367187500000
58.6904296875000
59.2421875000000
59.7895507812500
60.3286132812500
60.8701171875000
61.4057617187500
61.9438476562500
62.4794921875000
63.0083007812500
63.5327148437500
64.0546875000000
64.5776367187500
65.1000976562500
65.6318359375000
66.1713867187500
66.7124023437500
67.2553710937500
67.7934570312500
68.3291015625000
68.8696289062500
69.4140625000000
69.9687500000000
70.5146484375000
71.0605468750000
71.5996093750000
72.1333007812500
72.6665039062500
73.1909179687500
73.7133789062500
74.2304687500000
74.7490234375000
75.2675781250000
75.7915039062500
76.3139648437500
76.8330078125000
77.3525390625000
77.8750000000000
78.4052734375000
78.9399414062500
79.4750976562500
80.0019531250000
80.5297851562500
81.0556640625000
81.5849609375000
82.1118164062500
82.6328125000000
83.1464843750000
83.6572265625000
84.1650390625000
84.6796875000000
85.1870117187500
85.6943359375000
86.1987304687500
86.7026367187500
87.2045898437500
87.7109375000000
88.2182617187500
88.7207031250000
89.2216796875000
89.7231445312500
90.2260742187500
90.7329101562500
91.2431640625000
91.7524414062500
92.2602539062500
92.7714843750000
93.2827148437500
93.7910156250000
94.2973632812500
94.8027343750000
95.3125000000000
95.8144531250000
96.3134765625000
96.8129882812500
97.3056640625000
97.8007812500000
98.2958984375000
98.7861328125000
99.2753906250000
99.7666015625000
100.265136718750
100.758789062500
101.251464843750
101.748046875000
102.242187500000
102.743164062500
103.243164062500
103.741699218750
104.233398437500
104.725097656250
105.217285156250
105.710449218750
106.206054687500
106.697753906250
107.189453125000
107.682128906250
108.175292968750
108.670898437500
109.159179687500
109.649902343750
110.139160156250
110.631835937500
111.117675781250
111.608886718750
112.097167968750
112.582519531250
113.071289062500
113.555175781250
114.040527343750
114.524902343750
115.016113281250
115.501953125000
115.994628906250
116.491210937500
116.991210937500
117.493164062500
117.997070312500
118.499511718750
119.001464843750
119.507324218750
120.015625000000
120.522460937500
121.022949218750
121.520507812500
122.011718750000
122.500976562500
122.992187500000
123.486328125000
123.980468750000
124.476562500000
124.970214843750
125.463378906250
125.956054687500
126.450683593750
126.945312500000
127.437500000000
127.926757812500
128.413574218750
128.898925781250
129.390136718750
129.876953125000
130.365722656250
130.853515625000
131.343261718750
131.835449218750
132.327148437500
132.819824218750
133.309082031250
133.802246093750
134.297363281250
134.789550781250
135.279785156250
135.772460937500
136.265136718750
136.750000000000
137.236328125000
137.724609375000
138.210937500000
138.702636718750
139.194335937500
139.679199218750
140.166503906250
140.651367187500
141.139648437500
141.622070312500
142.104003906250
142.587402343750
143.071777343750
143.560546875000
144.050781250000
144.542968750000
145.031738281250
145.518066406250
146.007324218750
146.492675781250
146.979492187500
147.467285156250
147.951171875000
148.438476562500
148.924804687500
149.414062500000
149.897949218750
150.383789062500
150.868652343750
151.358886718750
151.845703125000
152.330566406250
152.814453125000
153.297851562500
153.781250000000
154.264648437500
154.745605468750
155.226074218750
155.704589843750
156.181152343750
156.661132812500
157.135253906250
157.607910156250
158.081542968750
158.553710937500
159.024414062500
159.494628906250
159.970214843750
160.446289062500
160.923828125000
161.398925781250
161.874023437500
162.346679687500
162.822753906250
163.298828125000
163.772460937500
164.244628906250
164.717773437500
165.188476562500
165.663574218750
166.134277343750
166.605468750000
167.078125000000
167.548828125000
168.021972656250
168.492675781250
168.962402343750
169.431152343750
169.901855468750
170.376464843750
170.851074218750
171.319824218750
171.789062500000
172.257812500000
172.728515625000
173.197265625000
173.665527343750
174.132324218750
174.601562500000
175.071289062500
175.539550781250
176.007324218750
176.476562500000
176.945800781250
177.420898437500
177.893554687500
178.369628906250
178.844238281250
179.317871093750
179.789062500000
180.263671875000
180.734863281250
181.206054687500
181.677734375000
182.149902343750
182.619140625000
183.091796875000
183.560546875000
184.025390625000
184.491699218750
184.960937500000
185.428710937500
185.894531250000
186.360839843750
186.828125000000
187.295898437500
187.765625000000
188.230468750000
188.700683593750
189.166503906250
189.634765625000
190.100585937500
190.562011718750
191.028808593750
191.488769531250
191.952148437500
192.415039062500
192.876464843750
193.336914062500
193.804687500000
194.265625000000
194.729003906250
195.192382812500
195.655273437500
196.116699218750
196.578125000000
197.045410156250
197.507324218750
197.968750000000
198.430175781250
198.890625000000
199.355468750000
199.814453125000
200.273437500000
200.731933593750
201.187500000000
201.648437500000
202.105468750000
202.559570312500
203.014648437500
203.467773437500
203.921875000000
204.367675781250
204.819824218750
205.267089843750
205.716308593750
206.164550781250
206.614746093750
207.062011718750
207.509765625000
207.956542968750
208.405273437500
208.852050781250
209.294433593750
209.739746093750
210.182128906250
210.625000000000
211.069335937500
211.514160156250
211.957031250000
212.400390625000
212.845214843750
213.289062500000
213.734863281250
214.179199218750
214.622070312500
215.064941406250
215.515136718750
215.955566406250
216.398925781250
216.842773437500
217.288574218750
217.729003906250
218.177246093750
218.620605468750
219.065917968750
219.511718750000
219.959960937500
220.400878906250
220.843261718750
221.284179687500
221.725097656250
222.165039062500
222.606445312500
223.046875000000
223.487304687500
223.926757812500
224.367187500000
224.807617187500
225.250000000000
225.687500000000
226.128906250000
226.570312500000
227.008300781250
227.446289062500
227.883300781250
228.319335937500
228.752929687500
229.188964843750
229.632324218750
230.085937500000
230.551269531250
231.020996093750
231.492675781250
231.959472656250
232.421875000000
232.882324218750
233.331542968750
233.782714843750
234.230468750000
234.676269531250
235.126464843750
235.578125000000
236.022949218750
236.463378906250
236.906738281250
237.343261718750
237.781738281250
238.219238281250
238.656250000000
239.093750000000
239.530761718750
239.963378906250
240.399414062500
240.833984375000
241.268066406250
241.703125000000
242.133789062500
242.563476562500
242.994628906250
243.423828125000
243.851074218750
244.281250000000
244.706542968750
245.133789062500
245.561523437500
245.987792968750
246.416503906250
246.846679687500
247.280273437500
247.711425781250
248.146484375000
248.578613281250
249.011230468750
249.444824218750
249.874023437500
250.308593750000
250.742187500000
251.175781250000
251.609375000000
252.041015625000
252.471679687500
252.899902343750
253.331054687500
253.759765625000
254.195312500000
254.623535156250
255.052246093750
255.479003906250
255.907226562500
256.335937500000
256.759765625000
257.184082031250
257.608398437500
258.032226562500
258.457031250000
258.881835937500
259.305175781250
259.729003906250
260.153808593750
260.575195312500
260.994140625000
261.416503906250
261.836425781250
262.257812500000
262.678222656250
263.096191406250
263.514648437500
263.931640625000
264.351562500000
264.766113281250
265.183105468750
265.601562500000
266.014160156250
266.429687500000
266.843750000000
267.255859375000
267.666503906250
268.078125000000
268.489257812500
268.898437500000
269.313476562500
269.726074218750
270.141601562500
270.557128906250
270.976562500000
271.392089843750
271.807128906250
272.225585937500
272.640136718750
273.054199218750
273.468750000000
273.882812500000
274.296386718750
274.710449218750
275.122070312500
275.533691406250
275.945312500000
276.361816406250
276.781738281250
277.204101562500
277.628906250000
278.052246093750
278.472656250000
278.893554687500
279.314453125000
279.736328125000
280.154296875000
280.571777343750
280.991210937500
281.405761718750
281.820800781250
282.234863281250
282.648925781250
283.063476562500
283.479003906250
283.889648437500
284.299804687500
284.709960937500
285.117675781250
285.529785156250
285.944824218750
286.354980468750
286.768066406250
287.181640625000
287.594726562500
288.007324218750
288.415527343750
288.828125000000
289.237304687500
289.648437500000
290.056640625000
290.466796875000
290.874511718750
291.285156250000
291.697753906250
292.110839843750
292.522949218750
292.933105468750
293.345703125000
293.758789062500
294.170410156250
294.578125000000
294.986816406250
295.397460937500
295.805175781250
296.213378906250
296.620605468750
297.029785156250
297.438476562500
297.846191406250
298.259277343750
298.669433593750
299.078613281250
299.492187500000
299.904785156250
300.312988281250
300.727539062500
301.139648437500
301.553222656250
301.962890625000
302.375000000000
302.788085937500
303.202148437500
303.616210937500
304.031738281250
304.446777343750
304.859375000000
305.272460937500
305.686523437500
306.103027343750
306.518066406250
306.934570312500
307.351074218750
307.765136718750
308.181640625000
308.596191406250
309.009765625000
309.425781250000
309.834472656250
310.246582031250
310.657226562500
311.064941406250
311.472656250000
311.880859375000
312.285156250000
312.688476562500
313.093261718750
313.494628906250
313.898925781250
314.300292968750
314.702148437500
315.103027343750
315.505859375000
315.907226562500
316.312011718750
316.714355468750
317.119140625000
317.523437500000
317.925781250000
318.328125000000
318.729492187500
319.133300781250
319.538574218750
319.939453125000
320.342285156250
320.744628906250
321.144531250000
321.544433593750
321.946777343750
322.351074218750
322.758300781250
323.165527343750
323.570312500000
323.981933593750
324.386718750000
324.793457031250
325.197265625000
325.597656250000
326
326.400878906250
326.798828125000
327.197265625000
327.595214843750
327.992675781250
328.391601562500
328.789550781250
329.186035156250
329.583984375000
329.979492187500
330.375000000000
330.769531250000
331.163574218750
331.555175781250
331.946777343750
332.339843750000
332.734375000000
333.127441406250
333.521484375000
333.914550781250
334.308593750000
334.703613281250
335.101562500000
335.500000000000
335.894531250000
336.289550781250
336.685546875000
337.079589843750
337.470703125000
337.866699218750
338.264648437500
338.657714843750
339.053710937500
339.449218750000
339.845703125000
340.242675781250
340.642089843750
341.036621093750
341.433593750000
341.821289062500
342.214843750000
342.604980468750
342.998046875000
343.383789062500
343.773437500000
344.164062500000
344.554199218750
344.942382812500
345.333007812500
345.725097656250
346.118164062500
346.509765625000
346.903320312500
347.296386718750
347.687988281250
348.081542968750
348.476074218750
348.867675781250
349.259277343750
349.650878906250
350.044921875000
350.438476562500
350.833984375000
351.229980468750
351.626464843750
352.021972656250
352.416992187500
352.812011718750
353.207031250000
353.603027343750
353.995605468750
354.391113281250
354.783691406250
355.177734375000
355.569824218750
355.962890625000
356.357910156250
356.750976562500
357.143066406250
357.536621093750
357.928710937500
358.322265625000
358.710937500000
359.102539062500
359.493652343750
359.884277343750
360.274902343750
360.665527343750
361.057128906250
361.452636718750
361.843750000000
362.234863281250
362.628906250000
363.019042968750
363.409179687500
363.799804687500
364.189453125000
364.579589843750
364.970214843750
365.358398437500
365.748046875000
366.132324218750
366.520507812500
366.907226562500
367.293457031250
367.679687500000
368.064941406250
368.450683593750
368.831542968750
369.214843750000
369.601562500000
369.983398437500
370.366210937500
370.748046875000
371.130859375000
371.513183593750
371.897460937500
372.282226562500
372.666503906250
373.050781250000
373.438476562500
373.824218750000
374.210449218750
374.594726562500
374.980468750000
375.365722656250
375.750000000000
376.134277343750
376.520507812500
376.901367187500
377.289062500000
377.669433593750
378.053710937500
378.435546875000
378.818359375000
379.202636718750
379.586425781250
379.970214843750
380.351562500000
380.734375000000
381.118652343750
381.500488281250
381.883300781250
382.264648437500
382.643554687500
383.024902343750
383.409179687500
383.790039062500
384.171875000000
384.551269531250
384.931152343750
385.313964843750
385.696289062500
386.079589843750
386.464843750000
386.843750000000
387.225585937500
387.606445312500
387.989746093750
388.369628906250
388.757812500000
389.128906250000
389.508789062500
389.889160156250
390.269531250000
390.651367187500
391.032714843750
391.414550781250
391.795898437500
392.179687500000
392.561035156250
392.939941406250
393.320312500000
393.702148437500
394.082031250000
394.462890625000
394.844238281250
395.225097656250
395.602539062500
395.984375000000
396.361816406250
396.742187500000
397.123535156250
397.499511718750
397.878417968750
398.256835937500
398.633789062500
399.008300781250
399.386718750000
399.761718750000
400.139648437500
400.517089843750
400.893554687500
401.273437500000
401.648925781250
402.025390625000
402.400878906250
402.777343750000
403.154296875000
403.531738281250
403.907226562500
404.281250000000
404.659667968750
405.034179687500
405.409179687500
405.785644531250
406.160156250000
406.535156250000
406.909179687500
407.281738281250
407.655761718750
408.029785156250
408.402343750000
408.780761718750
409.156738281250
409.531250000000
409.904785156250
410.279785156250
410.653320312500
411.024902343750
411.397949218750
411.766113281250
412.135253906250
412.508300781250
412.881347656250
413.249511718750
413.622558593750
413.990722656250
414.359863281250
414.727539062500
415.095214843750
415.464355468750
415.830566406250
416.199218750000
416.565917968750
416.932617187500
417.299316406250
417.667480468750
418.036621093750
418.406250000000
418.775390625000
419.145019531250
419.518066406250
419.888183593750
420.258300781250
420.625488281250
420.992675781250
421.364257812500
421.728515625000
422.094726562500
422.460937500000
422.828125000000
423.194824218750
423.560058593750
423.925781250000
424.291015625000
424.656250000000
425.022460937500
425.384765625000
425.748046875000
426.114257812500
426.482910156250
426.844726562500
427.209960937500
427.576171875000
427.941406250000
428.308105468750
428.676269531250
429.047363281250
429.414550781250
429.781738281250
430.148925781250
430.517089843750
430.883789062500
431.248535156250
431.616210937500
431.979492187500
432.345214843750
432.711914062500
433.077636718750
433.444335937500
433.807617187500
434.170898437500
434.537109375000
434.898437500000
435.265625000000
435.630859375000
435.993164062500
436.358886718750
436.726562500000
437.092773437500
437.461914062500
437.830078125000
438.196777343750
438.562988281250
438.931152343750
439.298339843750
439.667968750000
440.034667968750
440.401855468750
440.769042968750
441.135253906250
441.500000000000
441.866699218750
442.233398437500
442.597167968750
442.961914062500
443.328125000000
443.692871093750
444.054687500000
444.421386718750
444.784179687500
445.147460937500
445.510253906250
445.873046875000
446.234375000000
446.596191406250
446.958984375000
447.319824218750
447.681152343750
448.043457031250
448.406738281250
448.771972656250
449.137695312500
449.500488281250
449.864746093750
450.226074218750
450.588867187500
450.955078125000
451.313964843750
451.677734375000
452.036132812500
452.396484375000
452.757812500000
453.117187500000
453.476562500000
453.834960937500
454.190917968750
454.549804687500
454.906738281250
455.266601562500
455.621582031250
455.978027343750
456.336914062500
456.693359375000
457.049316406250
457.411132812500
457.769531250000
458.132812500000
458.491210937500
458.851074218750
459.209472656250
459.564941406250
459.921386718750
460.281250000000
460.640625000000
460.999511718750
461.358398437500
461.713378906250
462.070800781250
462.429199218750
462.786621093750
463.146972656250
463.504394531250
463.863281250000
464.224121093750
464.584960937500
464.945800781250
465.309082031250
465.672363281250
466.030761718750
466.394531250000
466.759277343750
467.122558593750
467.485351562500
467.844238281250
468.206054687500
468.568847656250
468.929687500000
469.290527343750
469.650878906250
470.010253906250
470.368652343750
470.729492187500
471.091308593750
471.452148437500
471.812500000000
472.171875000000
472.530761718750
472.888671875000
473.249511718750
473.607421875000
473.967285156250
474.328125000000
474.689941406250
475.052734375000
475.413574218750
475.774414062500
476.135253906250
476.493164062500
476.852050781250
477.212402343750
477.572753906250
477.931152343750
478.290039062500
478.647949218750
479.005371093750
479.359375000000
479.718261718750
480.077148437500
480.432128906250
480.790527343750
481.148925781250
481.511718750000
481.867187500000
482.226074218750
482.584472656250
482.940429687500
483.299316406250
483.656250000000
484.017578125000
484.373046875000
484.729980468750
485.084960937500
485.441406250000
485.794921875000
486.147949218750
486.501953125000
486.859375000000
487.211425781250
487.564453125000
487.916015625000
488.268554687500
488.623535156250
488.976562500000
489.334960937500
489.688964843750
490.043945312500
490.397460937500
490.748535156250
491.104492187500
491.458496093750
491.811035156250
492.164550781250
492.515625000000
492.863281250000
493.217773437500
493.566406250000
493.916503906250
494.269531250000
494.622070312500
494.973144531250
495.323242187500
495.676269531250
496.026855468750
496.376953125000
496.728515625000
497.078613281250
497.429687500000
497.782714843750
498.133789062500
498.484863281250
498.836914062500
499.186035156250
499.539062500000
499.885253906250
500.235839843750
500.585937500000
500.933593750000
501.290039062500
501.642578125000
501.994140625000
502.345214843750
502.694824218750
503.054687500000
503.406250000000
503.759765625000
504.109863281250
504.460449218750
504.812988281250
505.162597656250
505.511230468750
505.859375000000
506.210449218750
506.554687500000
506.906250000000
507.251953125000
507.602050781250
507.949707031250
508.300781250000
508.654785156250
509.003417968750
509.352050781250
509.703613281250
510.051757812500
510.401367187500
510.750488281250
511.099121093750
511.448242187500
511.792480468750
512.142578125000
512.486816406250
512.832519531250
513.179687500000
513.524902343750
513.874023437500
514.222656250000
514.572265625000
514.921875000000
515.269042968750
515.616699218750
515.962890625000
516.308105468750
516.657226562500
517.001953125000
517.348632812500
517.696289062500
518.039062500000
518.384765625000
518.729492187500
519.073730468750
519.421875000000
519.766113281250
520.113281250000
520.460937500000
520.808105468750
521.155273437500
521.500488281250
521.846191406250
522.198242187500
522.545410156250
522.890136718750
523.234863281250
523.580078125000
523.922363281250
524.269531250000
524.613769531250
524.955566406250
525.306152343750
525.644531250000
525.991699218750
526.336425781250
526.678710937500
527.023437500000
527.374023437500
527.718750000000
528.063476562500
528.407226562500
528.750976562500
529.096191406250
529.439453125000
529.781250000000
530.128417968750
530.470703125000
530.815429687500
531.158203125000
531.501464843750
531.851562500000
532.195800781250
532.543457031250
532.887695312500
533.234375000000
533.581054687500
533.930175781250
534.273925781250
534.619140625000
534.964843750000
535.310546875000
535.655761718750
536.000488281250
536.343750000000
536.687988281250
537.035156250000
537.378906250000
537.726562500000
538.069824218750
538.417968750000
538.765625000000
539.112304687500
539.459472656250
539.806640625000
540.150878906250
540.498535156250
540.844726562500
541.190429687500
541.538085937500
541.881835937500
542.226074218750
542.570312500000
542.915527343750
543.258300781250
543.600097656250
543.945312500000
544.296875000000
544.634277343750
544.978027343750
545.322265625000
545.664550781250
546.006835937500
546.351562500000
546.699707031250
547.046875000000
547.389160156250
547.733886718750
548.075683593750
548.419433593750
548.761718750000
549.104980468750
549.446777343750
549.788085937500
550.126953125000
550.468261718750
550.812500000000
551.156250000000
551.500488281250
551.843261718750
552.185058593750
552.523925781250
552.867187500000
553.219238281250
553.555175781250
553.896484375000
554.237304687500
554.579101562500
554.919433593750
555.257812500000
555.596191406250
555.938476562500
556.278320312500
556.618164062500
556.958007812500
557.298339843750
557.636718750000
557.979003906250
558.319824218750
558.663574218750
559.004394531250
559.345703125000
559.687500000000
560.028808593750
560.372558593750
560.710937500000
561.050292968750
561.392578125000
561.735351562500
562.075195312500
562.421386718750
562.763183593750
563.106933593750
563.446777343750
563.789550781250
564.131835937500
564.478027343750
564.820312500000
565.162109375000
565.502929687500
565.844238281250
566.188476562500
566.527832031250
566.868164062500
567.209472656250
567.550781250000
567.891601562500
568.231933593750
568.571777343750
568.913574218750
569.252441406250
569.598632812500
569.938964843750
570.280761718750
570.617675781250
570.958984375000
571.300292968750
571.639160156250
571.978027343750
572.317871093750
572.656738281250
572.993652343750
573.332031250000
573.669921875000
574.009277343750
574.346679687500
574.686523437500
575.024414062500
575.361816406250
575.703125000000
576.045898437500
576.385253906250
576.727050781250
577.063964843750
577.404785156250
577.741699218750
578.077636718750
578.419433593750
578.755371093750
579.091796875000
579.428710937500
579.769531250000
580.108398437500
580.447753906250
580.786621093750
581.125488281250
581.463867187500
581.800781250000
582.139648437500
582.476562500000
582.819824218750
583.156738281250
583.496582031250
583.834960937500
584.168457031250
584.507812500000
584.845703125000
585.182617187500
585.519042968750
585.859375000000
586.201660156250
586.541015625000
586.881347656250
587.220214843750
587.554687500000
587.896972656250
588.235351562500
588.573242187500
588.911132812500
589.249023437500
589.583984375000
589.917968750000
590.257324218750
590.592285156250
590.926757812500
591.265625000000
591.609375000000
591.947265625000
592.285156250000
592.620117187500
592.955078125000
593.292968750000
593.633300781250
593.967773437500
594.304199218750
594.635742187500
594.972656250000
595.306640625000
595.642578125000
595.972656250000
596.316406250000
596.652832031250
596.991699218750
597.326660156250
597.662597656250
597.997558593750
598.331542968750
598.671875000000
599.002441406250
599.336425781250
599.669921875000
600
600.337890625000
600.672851562500
601.007812500000
601.341796875000
601.671875000000
602.014648437500
602.348144531250
602.686523437500
603.015136718750
603.351562500000
603.687500000000
604.019531250000
604.352050781250
604.685058593750
605.016113281250
605.351562500000
605.686523437500
606.020507812500
606.354492187500
606.686035156250
607.019531250000
607.354003906250
607.689941406250
608.022460937500
608.357910156250
608.687500000000
609.022949218750
609.354492187500
609.686035156250
610.020019531250
610.347656250000
610.683593750000
611.019531250000
611.356933593750
611.689453125000
612.022949218750
612.353515625000
612.687500000000
613.023437500000
613.354003906250
613.688964843750
614.022460937500
614.354980468750
614.687500000000
615.022949218750
615.356445312500
615.689453125000
616.021484375000
616.354492187500
616.695312500000
617.031738281250
617.366699218750
617.701171875000
618.035156250000
618.367675781250
618.704101562500
619.033203125000
619.367675781250
619.701171875000
620.031250000000
620.366210937500
620.699707031250
621.032226562500
621.363281250000
621.695800781250
622.032226562500
622.367187500000
622.706542968750
623.041503906250
623.374511718750
623.705566406250
624.041503906250
624.374511718750
624.708984375000
625.041992187500
625.374511718750
625.706054687500
626.039062500000
626.374023437500
626.708007812500
627.041503906250
627.374023437500
627.707031250000
628.041992187500
628.378417968750
628.711425781250
629.043945312500
629.381835937500
629.708984375000
630.040527343750
630.369628906250
630.702148437500
631.031738281250
631.367187500000
631.697753906250
632.032226562500
632.361328125000
632.695312500000
633.020996093750
633.359375000000
633.691406250000
634.021484375000
634.353515625000
634.685546875000
635.014160156250
635.344238281250
635.679687500000
636.008300781250
636.338378906250
636.664550781250
637
637.333984375000
637.666992187500
637.999023437500
638.327636718750
638.657226562500
638.989746093750
639.319335937500
639.648437500000
639.976562500000
640.305664062500
640.635253906250
640.963867187500
641.293945312500
641.622070312500
641.955078125000
642.289550781250
642.623535156250
642.952148437500
643.280761718750
643.607910156250
643.940429687500
644.270507812500
644.599121093750
644.927246093750
645.257324218750
645.585937500000
645.915039062500
646.244140625000
646.569824218750
646.906250000000
647.237792968750
647.571289062500
647.900878906250
648.230957031250
648.566406250000
648.890625000000
649.220703125000
649.549804687500
649.881347656250
650.209472656250
650.539062500000
650.869140625000
651.200683593750
651.531738281250
651.858886718750
652.182128906250
652.515625000000
652.848144531250
653.185058593750
653.514160156250
653.844238281250
654.177734375000
654.502441406250
654.832031250000
655.161621093750
655.489257812500
655.818847656250
656.147949218750
656.478515625000
656.810058593750
657.138183593750
657.467285156250
657.796875000000
658.133789062500
658.461914062500
658.793457031250
659.120117187500
659.449707031250
659.782714843750
660.108886718750
660.437011718750
660.761718750000
661.093750000000
661.419433593750
661.748046875000
662.070312500000
662.405273437500
662.736816406250
663.068359375000
663.395507812500
663.722167968750
664.051757812500
664.377929687500
664.707031250000
665.034179687500
665.360351562500
665.686035156250
666.015136718750
666.342285156250
666.668945312500
666.994140625000
667.321289062500
667.653320312500
667.985351562500
668.313476562500
668.641601562500
668.968261718750
669.296875000000
669.625488281250
669.948730468750
670.274902343750
670.602539062500
670.927246093750
671.257812500000
671.583007812500
671.909667968750
672.235351562500
672.562011718750
672.892578125000
673.222167968750
673.553710937500
673.874511718750
674.204589843750
674.534179687500
674.860351562500
675.188964843750
675.515136718750
675.843750000000
676.167968750000
676.497070312500
676.822265625000
677.144531250000
677.476074218750
677.804687500000
678.131835937500
678.460449218750
678.787109375000
679.109375000000
679.442871093750
679.766113281250
680.092773437500
680.419921875000
680.746093750000
681.071777343750
681.397949218750
681.723144531250
682.062500000000
682.375488281250
682.704589843750
683.030761718750
683.353515625000
683.679687500000
684.012695312500
684.339355468750
684.666992187500
684.989257812500
685.319824218750
685.648437500000
685.970703125000
686.297363281250
686.619140625000
686.945312500000
687.271484375000
687.595703125000
687.917968750000
688.250000000000
688.577636718750
688.906738281250
689.230468750000
689.554687500000
689.878906250000
690.210449218750
690.536132812500
690.860351562500
691.185058593750
691.509277343750
691.835937500000
692.156738281250
692.479492187500
692.803222656250
693.128906250000
693.456054687500
693.782226562500
694.105468750000
694.430175781250
694.750976562500
695.078125000000
695.406738281250
695.731933593750
696.055175781250
696.381835937500
696.705566406250
697.027832031250
697.352539062500
697.674804687500
698
698.326660156250
698.654785156250
698.977539062500
699.304687500000
699.625000000000
699.952148437500
700.274414062500
700.600097656250
700.920898437500
701.245117187500
701.569824218750
701.892089843750
702.217285156250
702.539062500000
702.861328125000
703.187011718750
703.508300781250
703.832031250000
704.159667968750
704.483886718750
704.811523437500
705.133789062500
705.454589843750
705.779785156250
706.102050781250
706.422363281250
706.745605468750
707.070312500000
707.391113281250
707.711914062500
708.035156250000
708.360351562500
708.682617187500
709.005859375000
709.328613281250
709.650390625000
709.978027343750
710.298339843750
710.618652343750
710.940429687500
711.264648437500
711.583984375000
711.905273437500
712.222656250000
712.546875000000
712.868164062500
713.189941406250
713.508789062500
713.832519531250
714.155761718750
714.480468750000
714.800781250000
715.122070312500
715.446289062500
715.764648437500
716.084960937500
716.402832031250
716.726562500000
717.045898437500
717.368652343750
717.687011718750
718.007812500000
718.330566406250
718.657714843750
718.979003906250
719.298339843750
719.617675781250
719.939453125000
720.261718750000
720.583007812500
720.902343750000
721.223632812500
721.544921875000
721.862792968750
722.179687500000
722.504882812500
722.829101562500
723.144531250000
723.468750000000
723.789550781250
724.113769531250
724.435058593750
724.756347656250
725.079101562500
725.395019531250
725.715820312500
726.034179687500
726.352539062500
726.673828125000
726.994140625000
727.315429687500
727.631347656250
727.953125000000
728.279296875000
728.600585937500
728.919921875000
729.235351562500
729.557617187500
729.877929687500
730.197753906250
730.517578125000
730.837402343750
731.155761718750
731.472656250000
731.792968750000
732.114746093750
732.433593750000
732.750976562500
733.077636718750
733.398925781250
733.723632812500
734.043945312500
734.364257812500
734.687011718750
735.008789062500
735.329589843750
735.647460937500
735.969726562500
736.288574218750
736.610351562500
736.927734375000
737.246093750000
737.570312500000
737.894042968750
738.217773437500
738.533691406250
738.856445312500
739.187988281250
739.507324218750
739.829589843750
740.151367187500
740.476074218750
740.795410156250
741.117675781250
741.437011718750
741.758789062500
742.079101562500
742.400878906250
742.721191406250
743.038574218750
743.362304687500
743.686523437500
744.008300781250
744.323730468750
744.649902343750
744.973144531250
745.299316406250
745.618652343750
745.944335937500
746.264648437500
746.586914062500
746.909667968750
747.229980468750
747.549804687500
747.870605468750
748.193847656250
748.514160156250
748.833496093750
749.156738281250
749.477539062500
749.797851562500
750.117187500000
750.439453125000
750.763671875000
751.085449218750
751.407226562500
751.732421875000
752.056640625000
752.376953125000
752.701660156250
753.021972656250
753.345703125000
753.670410156250
753.990722656250
754.313964843750
754.635742187500
754.955078125000
755.279785156250
755.602050781250
755.924804687500
756.245605468750
756.567871093750
756.889160156250
757.209960937500
757.531738281250
757.854003906250
758.177734375000
758.495117187500
758.819824218750
759.141113281250
759.467773437500
759.784667968750
760.114746093750
760.433105468750
760.758789062500
761.080078125000
761.402343750000
761.732421875000
762.053710937500
762.376464843750
762.698242187500
763.024414062500
763.344726562500
763.667480468750
763.987792968750
764.308593750000
764.631835937500
764.954101562500
765.273925781250
765.597656250000
765.916015625000
766.241210937500
766.562500000000
766.882812500000
767.203125000000
767.528320312500
767.851074218750
768.169921875000
768.492675781250
768.816894531250
769.141113281250
769.460937500000
769.780761718750
770.102539062500
770.422851562500
770.741699218750
771.062500000000
771.383300781250
771.704589843750
772.026855468750
772.351562500000
772.676757812500
772.995605468750
773.319824218750
773.641113281250
773.960937500000
774.283203125000
774.603515625000
774.923339843750
775.242187500000
775.563964843750
775.884765625000
776.204101562500
776.529785156250
776.847167968750
777.173339843750
777.491210937500
777.812500000000
778.134765625000
778.454101562500
778.774414062500
779.095214843750
779.413574218750
779.734863281250
780.052734375000
780.371582031250
780.687500000000
781.008789062500
781.329101562500
781.648437500000
781.969726562500
782.290527343750
782.614257812500
782.932128906250
783.256347656250
783.574218750000
783.894531250000
784.217773437500
784.540039062500
784.859375000000
785.176757812500
785.495605468750
785.813476562500
786.133300781250
786.452636718750
786.772460937500
787.093750000000
787.422363281250
787.734863281250
788.056640625000
788.376953125000
788.701171875000
789.020019531250
789.340332031250
789.662597656250
789.981445312500
790.299316406250
790.622070312500
790.939453125000
791.257324218750
791.579589843750
791.893554687500
792.214843750000
792.531738281250
792.856933593750
793.174804687500
793.495605468750
793.812988281250
794.141601562500
794.456054687500
794.778320312500
795.100097656250
795.421875000000
795.741699218750
796.061523437500
796.383300781250
796.704589843750
797.024414062500
797.342285156250
797.659179687500
797.980468750000
798.302734375000
798.622558593750
798.938964843750
799.266113281250
799.586425781250
799.906738281250
800.227539062500
800.550781250000
800.868652343750
801.189941406250
801.509277343750
801.835449218750
802.148437500000
802.467285156250
802.785644531250
803.109375000000
803.425781250000
803.749023437500
804.066406250000
804.388671875000
804.708007812500
805.027343750000
805.351074218750
805.667480468750
805.988769531250
806.306640625000
806.625488281250
806.942871093750
807.266113281250
807.585449218750
807.906250000000
808.222167968750
808.548339843750
808.867187500000
809.186523437500
809.507812500000
809.823730468750
810.146972656250
810.462890625000
810.781738281250
811.104003906250
811.428222656250
811.740722656250