0.389160156250000
1.13427734375000
1.83496093750000
2.51708984375000
3.20898437500000
3.90771484375000
4.60351562500000
5.25878906250000
5.92138671875000
6.57763671875000
7.24804687500000
7.89208984375000
8.54003906250000
9.15576171875000
9.79199218750000
10.4262695312500
11.0805664062500
11.6840820312500
12.3281250000000
12.9238281250000
13.5458984375000
14.1875000000000
14.7709960937500
15.4062500000000
16.0092773437500
16.6093750000000
17.1875000000000
17.8193359375000
18.4321289062500
19.0126953125000
19.6171875000000
20.2211914062500
20.8500976562500
21.4516601562500
22.0629882812500
22.6738281250000
23.2573242187500
23.8867187500000
24.4633789062500
25.0693359375000
25.6694335937500
26.3022460937500
26.9008789062500
27.5068359375000
28.1040039062500
28.6772460937500
29.2963867187500
29.8891601562500
30.4824218750000
31.0483398437500
31.6337890625000
32.2441406250000
32.8046875000000
33.4267578125000
34.0405273437500
34.6562500000000
35.2583007812500
35.8837890625000
36.5234375000000
37.0971679687500
37.6967773437500
38.3193359375000
38.9155273437500
39.5107421875000
40.1093750000000
40.6801757812500
41.2719726562500
41.8657226562500
42.4594726562500
43.0727539062500
43.6665039062500
44.2656250000000
44.8593750000000
45.4472656250000
46.0073242187500
46.5932617187500
47.2036132812500
47.7646484375000
48.3764648437500
48.9599609375000
49.5175781250000
50.0957031250000
50.7089843750000
51.2978515625000
51.8647460937500
52.4838867187500
53.0820312500000
53.6474609375000
54.2319335937500
54.8129882812500
55.4204101562500
55.9790039062500
56.5952148437500
57.1816406250000
57.7641601562500
58.3442382812500
58.9233398437500
59.5000000000000
60.0502929687500
60.6259765625000
61.1977539062500
61.7983398437500
62.3769531250000
62.9257812500000
63.4965820312500
64.0957031250000
64.6596679687500
65.2514648437500
65.8750000000000
66.4321289062500
67.0166015625000
67.5898437500000
68.1713867187500
68.7607421875000
69.3549804687500
69.9692382812500
70.5629882812500
71.1577148437500
71.7490234375000
72.3061523437500
72.8901367187500
73.4702148437500
74.0791015625000
74.6567382812500
75.2407226562500
75.7880859375000
76.3608398437500
76.9560546875000
77.5117187500000
78.0952148437500
78.6748046875000
79.2509765625000
79.8593750000000
80.4394531250000
81.0947265625000
81.7280273437500
82.3437500000000
82.9589843750000
83.5415039062500
84.1430664062500
84.7363281250000
85.3496093750000
85.9291992187500
86.5083007812500
87.0961914062500
87.6582031250000
88.2412109375000
88.8193359375000
89.4204101562500
89.9926757812500
90.5610351562500
91.1347656250000
91.6831054687500
92.2509765625000
92.8193359375000
93.4135742187500
93.9838867187500
94.5688476562500
95.1210937500000
95.6967773437500
96.2915039062500
96.8452148437500
97.4140625000000
97.9814453125000
98.5434570312500
99.1274414062500
99.6635742187500
100.249511718750
100.814453125000
101.390625000000
101.927246093750
102.514648437500
103.048828125000
103.627441406250
104.250976562500
104.820800781250
105.406250000000
106.011718750000
106.556640625000
107.154785156250
107.692871093750
108.281250000000
108.812011718750
109.365234375000
109.915527343750
110.467285156250
111.017089843750
111.569335937500
112.132812500000
112.694824218750
113.250976562500
113.805664062500
114.362304687500
114.915039062500
115.486816406250
116.039062500000
116.554687500000
117.101074218750
117.645019531250
118.208496093750
118.740234375000
119.271972656250
119.776367187500
120.308593750000
120.866210937500
121.392578125000
121.896972656250
122.426757812500
122.955566406250
123.488281250000
124.057128906250
124.600097656250
125.188476562500
125.743164062500
126.289062500000
126.809570312500
127.351074218750
127.916015625000
128.424804687500
128.988281250000
129.500488281250
130.037109375000
130.572753906250
131.134765625000
131.664062500000
132.195312500000
132.694824218750
133.223144531250
133.767578125000
134.282714843750
134.862304687500
135.390625000000
135.963867187500
136.523437500000
137.047851562500
137.591796875000
138.147949218750
138.686523437500
139.195800781250
139.749023437500
140.250976562500
140.779296875000
141.302246093750
141.827148437500
142.350585937500
142.873046875000
143.423828125000
143.951660156250
144.451171875000
144.996093750000
145.493164062500
146.041015625000
146.564453125000
147.066894531250
147.618164062500
148.112304687500
148.662597656250
149.186523437500
149.710937500000
150.233886718750
150.735839843750
151.283691406250
151.807128906250
152.334472656250
152.858886718750
153.353515625000
153.873046875000
154.392089843750
154.907714843750
155.430175781250
155.982421875000
156.507812500000
157.032714843750
157.555664062500
158.082031250000
158.577636718750
159.096191406250
159.612792968750
160.156250000000
160.643554687500
161.188476562500
161.678710937500
162.218750000000
162.733886718750
163.228027343750
163.744628906250
164.262695312500
164.781738281250
165.327148437500
165.844726562500
166.360351562500
166.882812500000
167.368652343750
167.908691406250
168.396972656250
168.929687500000
169.413574218750
169.921875000000
170.431152343750
170.967285156250
171.471191406250
171.977539062500
172.484375000000
172.962890625000
173.468261718750
173.970703125000
174.499023437500
174.974121093750
175.472656250000
175.972656250000
176.502441406250
176.983886718750
177.511718750000
178.016113281250
178.491210937500
178.993652343750
179.523437500000
180.018066406250
180.514648437500
180.991699218750
181.514648437500
181.989746093750
182.514648437500
182.993164062500
183.494140625000
183.996582031250
184.504882812500
185.045410156250
185.530761718750
186.064453125000
186.572265625000
187.087402343750
187.569335937500
188.077636718750
188.583984375000
189.090820312500
189.634277343750
190.125488281250
190.665527343750
191.178710937500
191.666015625000
192.178222656250
192.709472656250
193.214843750000
193.702636718750
194.236816406250
194.726562500000
195.236328125000
195.745117187500
196.263671875000
196.778320312500
197.292480468750
197.830566406250
198.342285156250
198.853515625000
199.338378906250
199.851562500000
200.365234375000
200.906250000000
201.395507812500
201.931640625000
202.423339843750
202.939941406250
203.476074218750
203.989746093750
204.498535156250
204.979003906250
205.510253906250
205.997070312500
206.525390625000
207.039062500000
207.525878906250
208.040527343750
208.579589843750
209.095703125000
209.610839843750
210.128906250000
210.625488281250
211.144531250000
211.686523437500
212.205566406250
212.718750000000
213.209472656250
213.722167968750
214.235351562500
214.780273437500
215.291503906250
215.804199218750
216.290527343750
216.801269531250
217.306152343750
217.835449218750
218.344238281250
218.825195312500
219.334472656250
219.871093750000
220.366210937500
220.889160156250
221.407714843750
221.954101562500
222.439941406250
222.955566406250
223.470214843750
224.009765625000
224.492187500000
224.993652343750
225.497558593750
225.999511718750
226.527343750000
226.998046875000
227.497070312500
228.022460937500
228.523437500000
228.995605468750
229.493164062500
229.996093750000
230.523925781250
231.003906250000
231.531250000000
232.001464843750
232.502441406250
233.029785156250
233.505371093750
234.024902343750
234.494140625000
234.992187500000
235.511718750000
236.003417968750
236.470703125000
236.961425781250
237.478027343750
237.967773437500
238.431152343750
238.922363281250
239.414062500000
239.925781250000
240.413574218750
240.881835937500
241.377929687500
241.871093750000
242.364746093750
242.860839843750
243.381835937500
243.884765625000
244.355468750000
244.859375000000
245.359863281250
245.864257812500
246.367187500000
246.867187500000
247.366210937500
247.865722656250
248.362304687500
248.885253906250
249.355468750000
249.874511718750
250.370117187500
250.844726562500
251.362792968750
251.842285156250
252.376464843750
252.891113281250
253.384277343750
253.920898437500
254.409179687500
254.919433593750
255.427734375000
255.924316406250
256.426269531250
256.951171875000
257.439941406250
257.912597656250
258.404785156250
258.903320312500
259.435546875000
259.921386718750
260.439453125000
260.961914062500
261.478515625000
261.992187500000
262.500000000000
263.007324218750
263.541015625000
264.015136718750
264.509277343750
265.010253906250
265.508300781250
266.032226562500
266.504882812500
267.019042968750
267.511718750000
267.973144531250
268.466796875000
268.958984375000
269.450683593750
269.968750000000
270.459472656250
270.921875000000
271.410644531250
271.921875000000
272.381347656250
272.863281250000
273.375488281250
273.828125000000
274.309570312500
274.792968750000
275.274414062500
275.781250000000
276.234375000000
276.714843750000
277.196289062500
277.679687500000
278.186523437500
278.664550781250
279.121093750000
279.600585937500
280.080566406250
280.584472656250
281.064453125000
281.518066406250
281.998046875000
282.478027343750
282.959472656250
283.436523437500
283.920898437500
284.405273437500
284.890136718750
285.398437500000
285.853027343750
286.337402343750
286.820312500000
287.319824218750
287.799316406250
288.251464843750
288.734375000000
289.213378906250
289.708007812500
290.158203125000
290.633300781250
291.134277343750
291.583496093750
292.054687500000
292.525878906250
293.022949218750
293.500000000000
293.951660156250
294.424316406250
294.905273437500
295.406250000000
295.859375000000
296.334472656250
296.811035156250
297.310546875000
297.755859375000
298.253906250000
298.701171875000
299.166992187500
299.634277343750
300.101562500000
300.592773437500
301.041503906250
301.544921875000
301.994140625000
302.492675781250
302.968750000000
303.415527343750
303.915039062500
304.381835937500
304.855957031250
305.327148437500
305.769531250000
306.234375000000
306.703125000000
307.200683593750
307.678710937500
308.121093750000
308.592773437500
309.063964843750
309.538085937500
310.039550781250
310.492187500000
310.983398437500
311.429687500000
311.906738281250
312.377441406250
312.853027343750
313.325195312500
313.796386718750
314.297851562500
314.783691406250
315.267578125000
315.723144531250
316.202636718750
316.679687500000
317.185546875000
317.656250000000
318.102539062500
318.570312500000
319.038085937500
319.531738281250
319.970214843750
320.457031250000
320.891113281250
321.352539062500
321.837890625000
322.307128906250
322.774902343750
323.242187500000
323.683105468750
324.173828125000
324.617187500000
325.111328125000
325.556152343750
326.020996093750
326.511718750000
326.946289062500
327.437500000000
327.874511718750
328.336914062500
328.820800781250
329.290039062500
329.757812500000
330.210449218750
330.650878906250
331.112304687500
331.576660156250
332.053710937500
332.502441406250
332.986328125000
333.453125000000
333.914550781250
334.375488281250
334.819824218750
335.279296875000
335.734375000000
336.193847656250
336.650878906250
337.134277343750
337.571289062500
338.024902343750
338.477539062500
338.956054687500
339.406250000000
339.861328125000
340.291503906250
340.743652343750
341.217285156250
341.639648437500
342.087402343750
342.539062500000
343.016113281250
343.462402343750
343.887695312500
344.331542968750
344.773925781250
345.225585937500
345.673828125000
346.147460937500
346.593750000000
347.039062500000
347.456054687500
347.898925781250
348.339355468750
348.807617187500
349.256347656250
349.672851562500
350.116210937500
350.559570312500
351.002441406250
351.449707031250
351.919433593750
352.359863281250
352.812500000000
353.230468750000
353.675292968750
354.118652343750
354.588378906250
355.031250000000
355.474609375000
355.896972656250
356.362792968750
356.783203125000
357.235351562500
357.714843750000
358.166992187500
358.625000000000
359.053710937500
359.508300781250
359.960937500000
360.412597656250
360.886718750000
361.309570312500
361.759277343750
362.208984375000
362.677734375000
363.098632812500
363.543457031250
364.012695312500
364.437500000000
364.911621093750
365.327148437500
365.769531250000
366.212890625000
366.681640625000
367.125976562500
367.571289062500
368.015625000000
368.430175781250
368.889648437500
369.310058593750
369.769531250000
370.205566406250
370.642578125000
371.061035156250
371.500976562500
371.963378906250
372.374511718750
372.807128906250
373.267578125000
373.709472656250
374.146484375000
374.559570312500
375.022460937500
375.437500000000
375.896972656250
376.311035156250
376.767578125000
377.184082031250
377.623535156250
378.084960937500
378.523437500000
378.961914062500
379.375000000000
379.830078125000
380.240234375000
380.674804687500
381.134765625000
381.570312500000
382.007812500000
382.421875000000
382.854492187500
383.288574218750
383.742187500000
384.175781250000
384.583007812500
385.019531250000
385.458496093750
385.891601562500
386.323242187500
386.753417968750
387.210937500000
387.618164062500
388.055175781250
388.491210937500
388.954101562500
389.354492187500
389.784667968750
390.211914062500
390.640625000000
391.071777343750
391.524902343750
391.957031250000
392.360839843750
392.812011718750
393.225097656250
393.677734375000
394.081542968750
394.509277343750
394.937500000000
395.368164062500
395.797851562500
396.257812500000
396.690429687500
397.117187500000
397.525390625000
397.951660156250
398.376953125000
398.808593750000
399.235351562500
399.687500000000
400.095703125000
400.555664062500
400.960449218750
401.414062500000
401.819824218750
402.249023437500
402.694335937500
403.117187500000
403.574218750000
403.977050781250
404.406250000000
404.860351562500
405.291015625000
405.729003906250
406.160644531250
406.589843750000
406.999023437500
407.429687500000
407.884765625000
408.313964843750
408.730468750000
409.167480468750
409.597656250000
410.029296875000
410.460937500000
410.919921875000
411.326171875000
411.780761718750
412.187011718750
412.615722656250
413.048339843750
413.478027343750
413.920410156250
414.356445312500
414.816406250000
415.227050781250
415.677734375000
416.086914062500
416.517578125000
416.945312500000
417.376953125000
417.830078125000
418.235839843750
418.695312500000
419.100097656250
419.530761718750
419.959960937500
420.406738281250
420.818359375000
421.248535156250
421.703125000000
422.110351562500
422.541015625000
422.975097656250
423.428710937500
423.827636718750
424.254394531250
424.682128906250
425.131347656250
425.559570312500
425.962402343750
426.397949218750
426.820312500000
427.271972656250
427.679199218750
428.125976562500
428.562500000000
428.963867187500
429.415527343750
429.829101562500
430.280761718750
430.687988281250
431.133789062500
431.564941406250
431.969238281250
432.423339843750
432.829589843750
433.282714843750
433.694335937500
434.124023437500
434.549316406250
434.976562500000
435.427246093750
435.859375000000
436.290527343750
436.694335937500
437.146972656250
437.550781250000
438
438.431152343750
438.859375000000
439.265136718750
439.691894531250
440.117187500000
440.546875000000
440.999511718750
441.429199218750
441.838378906250
442.292968750000
442.697265625000
443.124023437500
443.549804687500
443.977539062500
444.428222656250
444.861328125000
445.292968750000
445.721191406250
446.128906250000
446.557617187500
446.985839843750
447.417480468750
447.871093750000
448.292968750000
448.698242187500
449.139648437500
449.557128906250
449.984863281250
450.437500000000
450.863281250000
451.263183593750
451.690429687500
452.132324218750
452.541992187500
452.967773437500
453.392578125000
453.839843750000
454.237792968750
454.666503906250
455.093750000000
455.519531250000
455.946289062500
456.394531250000
456.820312500000
457.244628906250
457.651855468750
458.096191406250
458.497070312500
458.914062500000
459.338378906250
459.782226562500
460.210937500000
460.605468750000
461.054687500000
461.448242187500
461.867187500000
462.287109375000
462.726074218750
463.144531250000
463.539062500000
463.961425781250
464.380859375000
464.820312500000
465.218750000000
465.638183593750
466.077148437500
466.503417968750
466.931152343750
467.346191406250
467.746093750000
468.163574218750
468.596679687500
468.992187500000
469.408203125000
469.827636718750
470.265136718750
470.681152343750
471.074218750000
471.491210937500
471.909179687500
472.345214843750
472.734863281250
473.145996093750
473.557617187500
473.969726562500
474.407714843750
474.799316406250
475.239257812500
475.657714843750
476.078613281250
476.472656250000
476.913574218750
477.308593750000
477.743652343750
478.128906250000
478.541015625000
478.957519531250
479.368652343750
479.812500000000
480.230468750000
480.647460937500
481.040527343750
481.483886718750
481.873535156250
482.289062500000
482.727050781250
483.149902343750
483.571289062500
483.966308593750
484.386230468750
484.803710937500
485.221679687500
485.664550781250
486.085937500000
486.507812500000
486.901367187500
487.343750000000
487.738769531250
488.175781250000
488.598144531250
488.987792968750
489.406738281250
489.827636718750
490.244140625000
490.659179687500
491.074218750000
491.485351562500
491.898925781250
492.336425781250
492.750488281250
493.166503906250
493.558105468750
493.994140625000
494.389648437500
494.823242187500
495.238281250000
495.627929687500
496.068359375000
496.457031250000
496.897949218750
497.285156250000
497.720703125000
498.109863281250
498.530761718750
498.929199218750
499.340332031250
499.773437500000
500.158203125000
500.571289062500
501.003417968750
501.415527343750
501.798828125000
502.226074218750
502.608886718750
503.031250000000
503.412597656250
503.814941406250
504.219238281250
504.625000000000
505.055175781250
505.460937500000
505.861816406250
506.243164062500
506.649414062500
507.055664062500
507.447265625000
507.845703125000
508.259765625000
508.640625000000
509.040527343750
509.463867187500
509.850585937500
510.247558593750
510.651367187500
511.080078125000
511.455566406250
511.859375000000
512.262695312500
512.663574218750
513.089843750000
513.490234375000
513.891113281250
514.275390625000
514.679687500000
515.080078125000
515.482421875000
515.883789062500
516.286621093750
516.710937500000
517.091308593750
517.515625000000
517.897949218750
518.320800781250
518.732910156250
519.132812500000
519.509277343750
519.932128906250
520.310058593750
520.729003906250
521.106445312500
521.507812500000
521.929199218750
522.312500000000
522.734375000000
523.135253906250
523.516113281250
523.914062500000
524.328125000000
524.709960937500
525.126464843750
525.501464843750
525.899414062500
526.320800781250
526.718750000000
527.114746093750
527.487792968750
527.908691406250
528.290039062500
528.687500000000
529.082519531250
529.438476562500
529.869140625000
530.287597656250
530.682128906250
531.079101562500
531.475585937500
531.875000000000
532.269042968750
532.645507812500
533.054687500000
533.444824218750
533.863281250000
534.233886718750
534.648437500000
535.022460937500
535.418945312500
535.813964843750
536.214843750000
536.637207031250
537.035644531250
537.422363281250
537.812011718750
538.232421875000
538.604003906250
539.021484375000
539.421875000000
539.795410156250
540.217285156250
540.621093750000
541.019531250000
541.392578125000
541.791503906250
542.209472656250
542.601074218750
542.971191406250
543.366210937500
543.787109375000
544.157714843750
544.578125000000
544.973632812500
545.373046875000
545.743164062500
546.161132812500
546.532714843750
546.921875000000
547.312988281250
547.706054687500
548.118164062500
548.515625000000
548.911132812500
549.305175781250
549.700195312500
550.077148437500
550.491699218750
550.859375000000
551.250976562500
551.642578125000
552.036621093750
552.449218750000
552.843261718750
553.236328125000
553.632812500000
554.002929687500
554.421386718750
554.816406250000
555.187011718750
555.601074218750
555.994628906250
556.359375000000
556.748535156250
557.156250000000
557.525390625000
557.937500000000
558.332031250000
558.698730468750
559.110839843750
559.501464843750
559.898437500000
560.290527343750
560.680175781250
561.054687500000
561.455078125000
561.828125000000
562.237304687500
562.623535156250
562.984863281250
563.374511718750
563.781250000000
564.170898437500
564.534667968750
564.946289062500
565.334960937500
565.724609375000
566.089355468750
566.505371093750
566.894042968750
567.281250000000
567.645996093750
568.033691406250
568.418457031250
568.824218750000
569.184082031250
569.564941406250
569.952636718750
570.336425781250
570.721679687500
571.108398437500
571.516113281250
571.900878906250
572.266601562500
572.655273437500
573.068359375000
573.454589843750
573.818847656250
574.208007812500
574.618652343750
574.979980468750
575.367675781250
575.753906250000
576.158203125000
576.518066406250
576.921875000000
577.282714843750
577.666503906250
578.054687500000
578.437500000000
578.845214843750
579.203613281250
579.609863281250
579.975097656250
580.383789062500
580.744628906250
581.130371093750
581.516601562500
581.928222656250
582.302734375000
582.683593750000
583.045410156250
583.429199218750
583.796875000000
584.199218750000
584.554687500000
584.933593750000
585.313476562500
585.696777343750
586.079101562500
586.460937500000
586.861816406250
587.227050781250
587.634277343750
588.016601562500
588.399902343750
588.763671875000
589.171875000000
589.553710937500
589.913085937500
590.291503906250
590.694824218750
591.046386718750
591.422363281250
591.800781250000
592.203125000000
592.582031250000
592.936035156250
593.314941406250
593.692871093750
594.071777343750
594.470703125000
594.853027343750
595.207031250000
595.610839843750
595.969726562500
596.351562500000
596.750000000000
597.130859375000
597.485351562500
597.883300781250
598.249511718750
598.664550781250
598.992187500000
599.367187500000
599.740234375000
600.139160156250
600.493652343750
600.868652343750
601.245605468750
601.624511718750
602.001953125000
602.406250000000
602.781738281250
603.138183593750
603.541503906250
603.925781250000
604.300781250000
604.658203125000
605.057128906250
605.419433593750
605.819335937500
606.196289062500
606.570312500000
606.924316406250
607.297363281250
607.672851562500
608.062500000000
608.419921875000
608.812500000000
609.164550781250
609.539062500000
609.912597656250
610.306152343750
610.660156250000
611.030273437500
611.407226562500
611.784179687500
612.180664062500
612.531738281250
612.928710937500
613.302734375000
613.680175781250
614.033203125000
614.431640625000
614.787597656250
615.168945312500
615.570312500000
615.921875000000
616.300292968750
616.696777343750
617.074218750000
617.446777343750
617.798339843750
618.195312500000
618.539062500000
618.910156250000
619.281250000000
619.670410156250
620.018066406250
620.387207031250
620.759277343750
621.132324218750
621.501464843750
621.873046875000
622.244628906250
622.616699218750
622.988281250000
623.359375000000
623.755859375000
624.102539062500
624.498046875000
624.851074218750
625.246582031250
625.623535156250
625.973632812500
626.348144531250
626.742187500000
627.111816406250
627.484375000000
627.833496093750
628.226074218750
628.593750000000
628.968750000000
629.306640625000
629.673339843750
630.064453125000
630.406250000000
630.773925781250
631.140625000000
631.511718750000
631.874023437500
632.241699218750
632.610839843750
632.978027343750
633.363281250000
633.709472656250
634.085937500000
634.443847656250
634.811523437500
635.175781250000
635.541503906250
635.908691406250
636.274414062500
636.643554687500
637.029785156250
637.375000000000
637.740722656250
638.108398437500
638.476562500000
638.843750000000
639.211425781250
639.579101562500
639.946289062500
640.335449218750
640.682128906250
641.055175781250
641.452148437500
641.821777343750
642.191406250000
642.542480468750
642.916015625000
643.298339843750
643.681152343750
644.050781250000
644.398925781250
644.788085937500
645.141601562500
645.520019531250
645.891113281250
646.266113281250
646.632324218750
647.001464843750
647.343750000000
647.716796875000
648.096191406250
648.460937500000
648.803710937500
649.165527343750
649.554687500000
649.894531250000
650.257812500000
650.620605468750
650.986328125000
651.347656250000
651.712402343750
652.100585937500
652.443359375000
652.828125000000
653.169433593750
653.533203125000
653.899902343750
654.266113281250
654.656250000000
654.991699218750
655.377441406250
655.720703125000
656.109863281250
656.453613281250
656.843750000000
657.184570312500
657.578613281250
657.945312500000
658.311035156250
658.656250000000
659.065429687500
659.390625000000
659.752441406250
660.119628906250
660.502441406250
660.858398437500
661.236816406250
661.604492187500
661.970703125000
662.335937500000
662.685546875000
663.062500000000
663.415039062500
663.789550781250
664.166015625000
664.507812500000
664.898437500000
665.260253906250
665.625000000000
665.991699218750
666.359375000000
666.730468750000
667.094726562500
667.439453125000
667.828613281250
668.203125000000
668.563476562500
668.906250000000
669.282226562500
669.648437500000
670.030273437500
670.394531250000
670.761718750000
671.101074218750
671.472656250000
671.826660156250
672.209960937500
672.570312500000
672.910156250000
673.272460937500
673.648437500000
674
674.382324218750
674.726562500000
675.085937500000
675.452148437500
675.828125000000
676.203125000000
676.542968750000
676.906738281250
677.292968750000
677.660156250000
678.000488281250
678.382812500000
678.729492187500
679.093261718750
679.457031250000
679.845214843750
680.210937500000
680.571289062500
680.929687500000
681.296386718750
681.640625000000
682.031250000000
682.371093750000
682.742675781250
683.100097656250
683.484375000000
683.847656250000
684.206542968750
684.550781250000
684.931152343750
685.265625000000
685.641113281250
685.988281250000
686.371582031250
686.726562500000
687.093750000000
687.447265625000
687.808593750000
688.164062500000
688.523437500000
688.865722656250
689.226562500000
689.589843750000
689.947753906250
690.281250000000
690.666503906250
691.023437500000
691.378906250000
691.710937500000
692.086914062500
692.437500000000
692.796875000000
693.136718750000
693.509277343750
693.871093750000
694.229003906250
694.585937500000
694.937500000000
695.273925781250
695.644531250000
696
696.360839843750
696.718750000000
697.078125000000
697.406738281250
697.773437500000
698.109375000000
698.484375000000
698.815429687500
699.195312500000
699.519531250000
699.898437500000
700.227539062500
700.582031250000
700.957031250000
701.285156250000
701.640625000000
702.015625000000
702.347656250000
702.695312500000
703.049316406250
703.402343750000
703.781250000000
704.132812500000
704.460937500000
704.828125000000
705.171875000000
705.545410156250
705.898437500000
706.230468750000
706.581054687500
706.945312500000
707.289062500000
707.664062500000
707.992187500000
708.347656250000
708.724609375000
709.078125000000
709.406250000000
709.772949218750
710.113281250000
710.484375000000
710.816406250000
711.187011718750
711.523437500000
711.898437500000
712.226562500000
712.579101562500
712.933593750000
713.304687500000
713.636718750000
713.991210937500
714.351562500000
714.718750000000
715.050781250000
715.407226562500
715.781250000000
716.109375000000
716.488281250000
716.815429687500
717.195312500000
717.523437500000
717.898437500000
718.226074218750
718.601562500000
718.960937500000
719.312500000000
719.643066406250
720.011718750000
720.359375000000
720.730468750000
721.062500000000
721.431640625000
721.773437500000
722.148437500000
722.500000000000
722.852539062500
723.207031250000
723.550781250000
723.910156250000
724.261230468750
724.593750000000
724.976562500000
725.324218750000
725.671875000000
726.009765625000
726.367187500000
726.710937500000
727.058593750000
727.406250000000
727.773437500000
728.109863281250
728.480468750000
728.804687500000
729.156250000000
729.507812500000
729.876953125000
730.207031250000
730.574218750000
730.898437500000
731.267578125000
731.625000000000
731.964843750000
732.292968750000
732.668945312500
732.992187500000
733.363281250000
733.683593750000
734.046875000000
734.384765625000
734.750000000000
735.070312500000
735.446289062500
735.773437500000
736.136718750000
736.460937500000
736.811523437500
737.160156250000
737.531250000000
737.851562500000
738.218261718750
738.546875000000
738.910156250000
739.234375000000
739.596679687500
739.929687500000
740.296875000000
740.617187500000
740.985839843750
741.312500000000
741.656250000000
742.023437500000
742.359863281250
742.710937500000