0.353027343750000
0.910644531250000
1.49511718750000
2.11376953125000
2.78076171875000
3.44531250000000
4.06054687500000
4.65673828125000
5.24023437500000
5.81445312500000
6.37500000000000
6.93603515625000
7.49560546875000
8.04736328125000
8.59082031250000
9.13476562500000
9.69091796875000
10.2646484375000
10.8671875000000
11.4833984375000
12.1035156250000
12.7104492187500
13.3046875000000
13.8896484375000
14.4624023437500
15.0224609375000
15.5756835937500
16.1215820312500
16.6694335937500
17.2158203125000
17.7670898437500
18.3168945312500
18.8603515625000
19.4096679687500
19.9599609375000
20.5224609375000
21.0937500000000
21.6596679687500
22.2128906250000
22.7656250000000
23.3154296875000
23.8540039062500
24.3852539062500
24.9135742187500
25.4414062500000
25.9697265625000
26.4921875000000
27.0087890625000
27.5258789062500
28.0415039062500
28.5629882812500
29.0854492187500
29.6108398437500
30.1420898437500
30.6767578125000
31.2070312500000
31.7431640625000
32.2734375000000
32.8041992187500
33.3388671875000
33.8798828125000
34.4145507812500
34.9511718750000
35.4873046875000
36.0234375000000
36.5561523437500
37.0849609375000
37.6123046875000
38.1445312500000
38.6806640625000
39.2153320312500
39.7451171875000
40.2744140625000
40.8056640625000
41.3437500000000
41.8813476562500
42.4082031250000
42.9394531250000
43.4794921875000
44.0200195312500
44.5517578125000
45.0908203125000
45.6420898437500
46.1972656250000
46.7465820312500
47.2846679687500
47.8295898437500
48.3715820312500
48.9091796875000
49.4472656250000
49.9824218750000
50.5058593750000
51.0297851562500
51.5468750000000
52.0576171875000
52.5717773437500
53.0761718750000
53.5776367187500
54.0776367187500
54.5800781250000
55.0917968750000
55.6093750000000
56.1206054687500
56.6264648437500
57.1328125000000
57.6425781250000
58.1547851562500
58.6723632812500
59.1831054687500
59.6909179687500
60.1982421875000
60.7055664062500
61.2114257812500
61.7114257812500
62.2075195312500
62.7041015625000
63.1992187500000
63.6938476562500
64.1831054687500
64.6713867187500
65.1606445312500
65.6508789062500
66.1391601562500
66.6245117187500
67.1108398437500
67.6000976562500
68.0893554687500
68.5751953125000
69.0693359375000
69.5629882812500
70.0590820312500
70.5522460937500
71.0512695312500
71.5556640625000
72.0556640625000
72.5507812500000
73.0463867187500
73.5429687500000
74.0375976562500
74.5253906250000
75.0141601562500
75.5053710937500
76.0014648437500
76.4931640625000
76.9809570312500
77.4726562500000
77.9643554687500
78.4589843750000
78.9497070312500
79.4394531250000
79.9316406250000
80.4267578125000
80.9165039062500
81.4033203125000
81.8901367187500
82.3774414062500
82.8666992187500
83.3520507812500
83.8374023437500
84.3242187500000
84.8139648437500
85.3056640625000
85.7998046875000
86.2900390625000
86.7846679687500
87.2832031250000
87.7817382812500
88.2749023437500
88.7661132812500
89.2607421875000
89.7553710937500
90.2500000000000
90.7377929687500
91.2280273437500
91.7172851562500
92.2065429687500
92.6884765625000
93.1694335937500
93.6499023437500
94.1347656250000
94.6162109375000
95.0942382812500
95.5732421875000
96.0551757812500
96.5361328125000
97.0151367187500
97.4916992187500
97.9667968750000
98.4433593750000
98.9189453125000
99.3901367187500
99.8657226562500
100.336914062500
100.808105468750
101.280761718750
101.753417968750
102.226562500000
102.695312500000
103.170410156250
103.645507812500
104.126464843750
104.606445312500
105.085449218750
105.565429687500
106.045410156250
106.524414062500
106.997558593750
107.481933593750
107.958984375000
108.436523437500
108.908203125000
109.379394531250
109.851074218750
110.319335937500
110.789062500000
111.253417968750
111.712890625000
112.172851562500
112.632812500000
113.096679687500
113.567871093750
114.053222656250
114.555664062500
115.047851562500
115.532714843750
116.018554687500
116.515625000000
117.013671875000
117.505859375000
117.993652343750
118.480957031250
118.968750000000
119.459472656250
119.945312500000
120.430664062500
120.913574218750
121.397460937500
121.881347656250
122.366210937500
122.855468750000
123.337402343750
123.818359375000
124.294921875000
124.774414062500
125.249023437500
125.717773437500
126.186035156250
126.657226562500
127.134765625000
127.619140625000
128.096191406250
128.570312500000
129.044921875000
129.520019531250
129.998046875000
130.475097656250
130.948730468750
131.424316406250
131.895507812500
132.363769531250
132.828125000000
133.292968750000
133.755371093750
134.218750000000
134.680664062500
135.142089843750
135.605468750000
136.066406250000
136.531250000000
136.990722656250
137.448242187500
137.907226562500
138.366699218750
138.824707031250
139.279785156250
139.735839843750
140.194335937500
140.653320312500
141.110839843750
141.569824218750
142.029296875000
142.487304687500
142.947753906250
143.406738281250
143.866699218750
144.328613281250
144.791015625000
145.258300781250
145.721191406250
146.183105468750
146.643066406250
147.101074218750
147.559570312500
148.016113281250
148.471679687500
148.923339843750
149.375000000000
149.824707031250
150.272949218750
150.723632812500
151.171386718750
151.616699218750
152.063964843750
152.509277343750
152.954589843750
153.400390625000
153.844726562500
154.289550781250
154.731445312500
155.172363281250
155.613769531250
156.050781250000
156.489746093750
156.927734375000
157.366210937500
157.804199218750
158.242675781250
158.679687500000
159.114257812500
159.546875000000
159.979980468750
160.413574218750
160.844726562500
161.271972656250
161.706542968750
162.139160156250
162.569335937500
163
163.430664062500
163.859375000000
164.293945312500
164.726074218750
165.157226562500
165.593750000000
166.028320312500
166.462890625000
166.896972656250
167.327636718750
167.759765625000
168.192382812500
168.621582031250
169.050292968750
169.482421875000
169.912597656250
170.346679687500
170.777832031250
171.206542968750
171.635742187500
172.064453125000
172.491699218750
172.921386718750
173.352539062500
173.781738281250
174.215820312500
174.647460937500
175.077636718750
175.508300781250
175.939453125000
176.369140625000
176.799316406250
177.231445312500
177.664062500000
178.098632812500
178.531738281250
178.964843750000
179.397460937500
179.828125000000
180.260253906250
180.693359375000
181.121582031250
181.550292968750
181.981445312500
182.413085937500
182.845703125000
183.278320312500
183.709472656250
184.135742187500
184.562500000000
184.991210937500
185.419921875000
185.843261718750
186.267089843750
186.694335937500
187.119140625000
187.549804687500
187.978027343750
188.405761718750
188.831542968750
189.259277343750
189.687500000000
190.116210937500
190.540039062500
190.967773437500
191.396972656250
191.820800781250
192.252929687500
192.681152343750
193.109863281250
193.539550781250
193.968261718750
194.394531250000
194.821289062500
195.248046875000
195.675781250000
196.102050781250
196.530273437500
196.962890625000
197.393554687500
197.826660156250
198.260253906250
198.692382812500
199.125000000000
199.551757812500
199.979003906250
200.407226562500
200.830078125000
201.258789062500
201.682128906250
202.108398437500
202.532714843750
202.954589843750
203.376953125000
203.798339843750
204.215820312500
204.635253906250
205.054199218750
205.468261718750
205.883300781250
206.299316406250
206.712402343750
207.131347656250
207.546875000000
207.960937500000
208.375976562500
208.792480468750
209.209960937500
209.627929687500
210.045410156250
210.463867187500
210.886230468750
211.308105468750
211.729003906250
212.147460937500
212.567382812500
212.988281250000
213.406250000000
213.824218750000
214.243652343750
214.667480468750
215.091308593750
215.516113281250
215.941406250000
216.365234375000
216.787597656250
217.209960937500
217.633300781250
218.057128906250
218.479980468750
218.896972656250
219.332519531250
219.765625000000
220.196777343750
220.628417968750
221.057617187500
221.485351562500
221.914550781250
222.334472656250
222.762207031250
223.184570312500
223.609375000000
224.035644531250
224.459960937500
224.882812500000
225.305664062500
225.725097656250
226.145019531250
226.564453125000
226.979003906250
227.399902343750
227.814941406250
228.233886718750
228.653808593750
229.072265625000
229.487792968750
229.906250000000
230.324218750000
230.743164062500
231.160156250000
231.576660156250
231.994628906250
232.412597656250
232.829101562500
233.249023437500
233.665527343750
234.083007812500
234.500976562500
234.914062500000
235.328613281250
235.745117187500
236.162597656250
236.577636718750
236.988769531250
237.399902343750
237.812011718750
238.223144531250
238.632812500000
239.040039062500
239.449218750000
239.856933593750
240.263183593750
240.669921875000
241.078125000000
241.484863281250
241.893554687500
242.301757812500
242.708984375000
243.115722656250
243.521972656250
243.927734375000
244.332031250000
244.734863281250
245.136718750000
245.543457031250
245.949218750000
246.355957031250
246.757812500000
247.160644531250
247.561035156250
247.963867187500
248.364746093750
248.764160156250
249.164550781250
249.563964843750
249.962890625000
250.362304687500
250.762207031250
251.162109375000
251.562988281250
251.965332031250
252.362304687500
252.769042968750
253.171386718750
253.574707031250
253.981933593750
254.386230468750
254.788574218750
255.190917968750
255.595703125000
255.999511718750
256.397949218750
256.803222656250
257.210449218750
257.616699218750
258.025878906250
258.434570312500
258.839843750000
259.246582031250
259.652832031250
260.050781250000
260.460449218750
260.864257812500
261.270019531250
261.683105468750
262.093261718750
262.500976562500
262.906250000000
263.312500000000
263.718750000000
264.125976562500
264.529785156250
264.936035156250
265.349609375000
265.760253906250
266.171875000000
266.582519531250
266.989257812500
267.398437500000
267.806640625000
268.212890625000
268.616699218750
269.020996093750
269.432128906250
269.843750000000
270.252929687500
270.663085937500
271.071289062500
271.478027343750
271.884765625000
272.294921875000
272.703613281250
273.109863281250
273.509277343750
273.916015625000
274.317871093750
274.720703125000
275.123535156250
275.525878906250
275.924804687500
276.320312500000
276.721679687500
277.121093750000
277.520507812500
277.916015625000
278.309570312500
278.704101562500
279.097167968750
279.488769531250
279.879882812500
280.271484375000
280.664062500000
281.056640625000
281.451660156250
281.845214843750
282.237792968750
282.629394531250
283.021484375000
283.416015625000
283.806640625000
284.204589843750
284.597656250000
284.990722656250
285.383300781250
285.772949218750
286.163085937500
286.554199218750
286.945312500000
287.330078125000
287.720703125000
288.112304687500
288.502929687500
288.897460937500
289.291503906250
289.685546875000
290.077148437500
290.469726562500
290.861328125000
291.253417968750
291.647949218750
292.041015625000
292.435058593750
292.826660156250
293.220214843750
293.615234375000
294.003417968750
294.395019531250
294.784179687500
295.171875000000
295.559570312500
295.941894531250
296.328613281250
296.710449218750
297.095214843750
297.479980468750
297.862792968750
298.242187500000
298.625488281250
299.007812500000
299.393066406250
299.773437500000
300.154296875000
300.535156250000
300.917480468750
301.299316406250
301.681640625000
302.062500000000
302.445800781250
302.827636718750
303.209472656250
303.590820312500
303.972656250000
304.353027343750
304.731933593750
305.112304687500
305.492675781250
305.874023437500
306.253906250000
306.631835937500
307.010253906250
307.391601562500
307.771484375000
308.149902343750
308.524414062500
308.903808593750
309.282226562500
309.660644531250
310.037597656250
310.414062500000
310.788574218750
311.166992187500
311.542480468750
311.920410156250
312.294921875000
312.670898437500
313.046386718750
313.422851562500
313.797363281250
314.173339843750
314.546875000000
314.924316406250
315.300781250000
315.679687500000
316.053222656250
316.430664062500
316.808105468750
317.183105468750
317.554199218750
317.933105468750
318.305664062500
318.686035156250
319.058105468750
319.437011718750
319.808593750000
320.187011718750
320.561035156250
320.935058593750
321.308593750000
321.682617187500
322.051269531250
322.427246093750
322.794433593750
323.168945312500
323.538085937500
323.907714843750
324.275390625000
324.647460937500
325.016113281250
325.387207031250
325.752441406250
326.124511718750
326.489746093750
326.860839843750
327.229492187500
327.598632812500
327.965332031250
328.335937500000
328.706054687500
329.076660156250
329.445312500000
329.813964843750
330.185058593750
330.556152343750
330.925292968750
331.292968750000
331.659667968750
332.025390625000
332.391113281250
332.759277343750
333.125976562500
333.490234375000
333.854003906250
334.218261718750
334.581542968750
334.942871093750
335.304687500000
335.667968750000
336.030273437500
336.387207031250
336.750000000000
337.108398437500
337.471191406250
337.823242187500
338.189941406250
338.550292968750
338.916015625000
339.281250000000
339.645996093750
340.011230468750
340.376464843750
340.741699218750
341.108398437500
341.475585937500
341.839843750000
342.202636718750
342.566406250000
342.931152343750
343.293945312500
343.660156250000
344.024902343750
344.391601562500
344.757324218750
345.122558593750
345.482421875000
345.845703125000
346.208984375000
346.574707031250
346.936523437500
347.300781250000
347.660644531250
348.028808593750
348.391601562500
348.761230468750
349.124023437500
349.493164062500
349.859863281250
350.229980468750
350.599121093750
350.969726562500
351.336914062500
351.704589843750
352.072753906250
352.440429687500
352.809082031250
353.174316406250
353.537109375000
353.901367187500
354.265625000000
354.626464843750
354.991210937500
355.351562500000
355.716796875000
356.080078125000
356.440917968750
356.795410156250
357.162109375000
357.525878906250
357.890136718750
358.250488281250
358.617675781250
358.974121093750
359.342773437500
359.709960937500
360.076660156250
360.445312500000
360.813476562500
361.180664062500
361.547851562500
361.913574218750
362.281250000000
362.649414062500
363.016601562500
363.381347656250
363.744628906250
364.107421875000
364.471191406250
364.834960937500
365.194335937500
365.558105468750
365.919433593750
366.281738281250
366.640136718750
366.995605468750
367.353027343750
367.712402343750
368.070800781250
368.430664062500
368.782714843750
369.141113281250
369.499511718750
369.862792968750
370.221679687500
370.587402343750
370.953613281250
371.314941406250
371.677734375000
372.039550781250
372.402832031250
372.767089843750
373.129394531250
373.487792968750
373.849609375000
374.210449218750
374.571289062500
374.925781250000
375.284179687500
375.639648437500
375.999511718750
376.354003906250
376.708007812500
377.063964843750
377.426269531250
377.786132812500
378.149414062500
378.506347656250
378.869140625000
379.231933593750
379.596191406250
379.960937500000
380.325195312500
380.688964843750
381.050781250000
381.410156250000
381.771972656250
382.131835937500
382.489746093750
382.850097656250
383.208984375000
383.568847656250
383.924804687500
384.283691406250
384.628906250000
384.985351562500
385.343750000000
385.698730468750
386.053710937500
386.413085937500
386.767089843750
387.125976562500
387.485351562500
387.844726562500
388.204101562500
388.565429687500
388.923339843750
389.280273437500
389.635742187500
389.992675781250
390.350585937500
390.705566406250
391.055175781250
391.401367187500
391.760253906250
392.110839843750
392.470214843750
392.823730468750
393.180175781250
393.537597656250
393.898437500000
394.258300781250
394.620605468750
394.980957031250
395.339355468750
395.696777343750
396.056152343750
396.413574218750
396.768066406250
397.119140625000
397.472167968750
397.826171875000
398.178710937500
398.534179687500
398.881835937500
399.238769531250
399.593261718750
399.950195312500
400.307128906250
400.666015625000
401.021972656250
401.375976562500
401.729980468750
402.084960937500
402.437500000000
402.787597656250
403.140625000000
403.491699218750
403.843750000000
404.188964843750
404.531250000000
404.876464843750
405.228027343750
405.576171875000
405.929199218750
406.277343750000
406.630371093750
406.980468750000
407.332519531250
407.684570312500
408.033203125000
408.382812500000
408.731445312500
409.078613281250
409.424804687500
409.766601562500
410.108886718750
410.459960937500
410.804687500000
411.159667968750
411.513183593750
411.866699218750
412.217285156250
412.564453125000
412.915039062500
413.264648437500
413.613281250000
413.954589843750
414.297851562500
414.643066406250
414.989746093750
415.336914062500
415.682128906250
416.036621093750
416.389648437500
416.743652343750
417.098632812500
417.452148437500
417.799316406250
418.152343750000
418.503417968750
418.853027343750
419.195800781250
419.545898437500
419.886718750000
420.240722656250
420.586425781250
420.938476562500
421.289062500000
421.641113281250
421.990722656250
422.341796875000
422.688476562500
423.031738281250
423.376953125000
423.720703125000
424.065429687500
424.404296875000
424.749511718750
425.097656250000
425.448242187500
425.798339843750
426.150878906250
426.500000000000
426.844238281250
427.192871093750
427.539062500000
427.880371093750
428.217285156250
428.565429687500
428.909179687500
429.261230468750
429.612792968750
429.962890625000
430.309082031250
430.654296875000
431.002441406250
431.348632812500
431.687988281250
432.022460937500
432.373046875000
432.714355468750
433.062988281250
433.413574218750
433.759277343750
434.104003906250
434.446777343750
434.791992187500
435.135742187500
435.472656250000
435.806152343750
436.151855468750
436.492187500000
436.839843750000
437.186035156250
437.529785156250
437.874023437500
438.218261718750
438.561523437500
438.901855468750
439.237304687500
439.576171875000
439.917968750000
440.258789062500
440.604492187500
440.948242187500
441.291503906250
441.634765625000
441.978515625000
442.320800781250
442.662597656250
443.000976562500
443.330078125000
443.675781250000
444.017089843750
444.362304687500
444.704589843750
445.052734375000
445.397460937500
445.739746093750
446.081542968750
446.422363281250
446.761230468750
447.099609375000
447.437500000000
447.773437500000
448.116210937500
448.460449218750
448.805175781250
449.149902343750
449.497070312500
449.837402343750
450.177246093750
450.517578125000
450.854492187500
451.193359375000
451.527343750000
451.873046875000
452.219238281250
452.564941406250
452.912109375000
453.255859375000
453.595703125000
453.932617187500
454.274414062500
454.611328125000
454.954101562500
455.291015625000
455.636230468750
455.982421875000
456.327148437500
456.672851562500
457.017089843750
457.357421875000
457.700195312500
458.038085937500
458.379882812500
458.717285156250
459.054199218750
459.401855468750
459.746093750000
460.093750000000
460.442382812500
460.782714843750
461.126464843750
461.467773437500
461.809082031250
462.141113281250
462.480957031250
462.821777343750
463.165527343750
463.509277343750
463.855468750000
464.198242187500
464.539062500000
464.881347656250
465.223632812500
465.563964843750
465.901367187500
466.234375000000
466.564941406250
466.908691406250
467.252929687500
467.598144531250
467.942382812500
468.288085937500
468.630371093750
468.969238281250
469.306640625000
469.639160156250
469.978027343750
470.314941406250
470.657226562500
470.998535156250
471.341308593750
471.682617187500
472.026367187500
472.368652343750
472.711914062500
473.052734375000
473.386718750000
473.729003906250
474.065429687500
474.409179687500
474.747070312500
475.090332031250
475.433593750000
475.775390625000
476.119628906250
476.459472656250
476.799316406250
477.136230468750
477.472656250000
477.807617187500
478.140136718750
478.479492187500
478.822753906250
479.166015625000
479.508789062500
479.849609375000
480.186035156250
480.524414062500
480.858398437500
481.192382812500
481.523437500000
481.862304687500
482.201660156250
482.543457031250
482.884765625000
483.224121093750
483.560058593750
483.896972656250
484.231445312500
484.563964843750
484.894042968750
485.234375000000
485.575683593750
485.916503906250
486.259277343750
486.598144531250
486.932128906250
487.269042968750
487.602050781250
487.937500000000
488.265625000000
488.609375000000
488.949707031250
489.290039062500
489.627929687500
489.968750000000
490.304687500000
490.640136718750
490.965332031250
491.300292968750
491.636230468750
491.976562500000
492.318847656250
492.659179687500
492.995605468750
493.332031250000
493.669433593750
494.005859375000
494.339355468750
494.669921875000
495.002929687500
495.346191406250
495.687988281250
496.028808593750
496.369628906250
496.707031250000
497.044433593750
497.374023437500
497.712402343750
498.044921875000
498.385253906250
498.723144531250
499.064453125000
499.398437500000
499.745117187500
500.082031250000
500.418457031250
500.749023437500
501.083007812500
501.417968750000
501.748535156250
502.086914062500
502.424316406250
502.763671875000
503.101562500000
503.437500000000
503.772460937500
504.102050781250
504.434082031250
504.764648437500
505.100585937500
505.435546875000
505.772949218750
506.108886718750
506.443359375000
506.776367187500
507.109375000000
507.430664062500
507.764160156250
508.094726562500
508.427734375000
508.764648437500
509.098632812500
509.431640625000
509.765625000000
510.099121093750
510.429199218750
510.748046875000
511.083007812500
511.413085937500
511.750976562500
512.086914062500
512.422851562500
512.749023437500
513.079101562500
513.405273437500
513.730957031250
514.060058593750
514.390136718750
514.723632812500
515.055175781250
515.388183593750
515.718261718750
516.041015625000
516.368164062500
516.690917968750
517.025878906250
517.360839843750
517.691894531250
518.018554687500
518.349121093750
518.677734375000
519.001464843750
519.321289062500
519.650878906250
519.983886718750
520.317382812500
520.649414062500
520.975585937500
521.301269531250
521.627929687500
521.952148437500
522.280761718750
522.608886718750
522.939453125000
523.270019531250
523.599121093750
523.928710937500
524.254394531250
524.573730468750
524.899414062500
525.233886718750
525.566406250000
525.900390625000
526.230957031250
526.558105468750
526.885742187500
527.211914062500
527.541992187500
527.867187500000
528.202148437500
528.534667968750
528.866210937500
529.196289062500
529.524414062500
529.844238281250
530.173339843750
530.502929687500
530.833007812500
531.161621093750
531.493164062500
531.823730468750
532.153320312500
532.480957031250
532.798339843750
533.125488281250
533.455078125000
533.787109375000
534.121093750000
534.452636718750
534.777832031250
535.109375000000
535.439453125000
535.763671875000
536.082519531250
536.414550781250
536.743164062500
537.078125000000
537.412109375000
537.738769531250
538.067871093750
538.392578125000
538.718261718750
539.040039062500
539.372070312500
539.704101562500
540.036132812500
540.369628906250
540.696289062500
541.023925781250
541.348144531250
541.674804687500
541.997070312500
542.326660156250
542.657714843750
542.988769531250
543.321289062500
543.649902343750
543.977050781250
544.295410156250
544.625976562500
544.951660156250
545.282714843750
545.613281250000
545.942871093750
546.270996093750
546.602539062500
546.930175781250
547.249511718750
547.579589843750
547.905761718750
548.237792968750
548.568359375000
548.898925781250
549.227539062500
549.557617187500
549.886230468750
550.204101562500
550.530761718750
550.857421875000
551.188476562500
551.520996093750
551.854003906250
552.182128906250
552.504882812500
552.831054687500
553.154785156250
553.478027343750
553.803710937500
554.132812500000
554.461425781250
554.788574218750
555.115234375000
555.444824218750
555.772949218750
556.098144531250
556.418945312500
556.744140625000
557.076660156250
557.407714843750
557.740234375000
558.070800781250
558.398437500000
558.718261718750
559.044921875000
559.374511718750
559.698242187500
560.033691406250
560.367675781250
560.699707031250
561.024414062500
561.353515625000
561.681152343750
562.007324218750
562.333007812500
562.654296875000
562.991210937500
563.323730468750
563.657714843750
563.991210937500
564.322265625000
564.649902343750
564.975585937500
565.302246093750
565.625976562500
565.957031250000
566.287109375000
566.618164062500
566.949218750000
567.281250000000
567.610839843750
567.938964843750
568.256347656250
568.584960937500
568.915039062500
569.248046875000
569.582519531250
569.913574218750
570.239746093750
570.567382812500
570.890136718750
571.217773437500
571.542968750000
571.875976562500
572.205078125000
572.537109375000
572.866210937500
573.194824218750
573.514160156250
573.840820312500
574.168945312500
574.495605468750
574.824707031250
575.152832031250
575.478515625000
575.806640625000
576.134277343750
576.453613281250
576.772460937500
577.102050781250
577.430175781250
577.761718750000
578.087402343750
578.412597656250
578.737792968750
579.061523437500
579.377929687500
579.702148437500
580.031738281250
580.361328125000
580.692382812500
581.015136718750
581.337890625000
581.660156250000
581.983398437500
582.307617187500
582.634277343750
582.961425781250
583.287109375000
583.614257812500
583.938964843750
584.254882812500
584.580566406250
584.900390625000
585.229492187500
585.559082031250
585.882812500000
586.205078125000
586.530761718750
586.853515625000
587.167968750000
587.493164062500
587.819335937500
588.147949218750
588.475097656250
588.798339843750
589.121093750000
589.441894531250
589.762207031250
590.083496093750
590.409179687500
590.733398437500
591.056640625000
591.382324218750
591.707031250000
592.025390625000
592.343261718750
592.666503906250
592.992675781250
593.321289062500
593.645996093750
593.965332031250
594.291015625000
594.613769531250
594.934082031250
595.251953125000
595.579589843750
595.905761718750
596.232421875000
596.557128906250
596.882324218750
597.201171875000
597.522460937500
597.842285156250
598.166015625000
598.490722656250
598.814941406250
599.141113281250
599.467285156250
599.792968750000
600.108886718750
600.431640625000
600.756835937500
601.081542968750
601.410644531250
601.735839843750
602.058105468750
602.384277343750
602.708984375000
603.023437500000
603.347656250000
603.675292968750
604.003417968750
604.334472656250
604.656738281250
604.980468750000
605.299316406250
605.618652343750
605.941894531250
606.266601562500
606.594726562500
606.920410156250
607.245117187500
607.563964843750
607.880371093750
608.205566406250
608.532226562500
608.861328125000
609.184082031250
609.504394531250
609.825683593750
610.145019531250
610.469238281250
610.791015625000
611.118652343750
611.443847656250
611.769531250000
612.093750000000
612.410644531250
612.734375000000
613.055664062500
613.383300781250
613.710937500000
614.033691406250
614.357910156250
614.684570312500
615.008789062500
615.325195312500
615.645507812500
615.970214843750
616.297851562500
616.627441406250
616.956542968750
617.280273437500
617.600097656250
617.921875000000
618.242187500000
618.563964843750
618.887207031250
619.213378906250
619.538085937500
619.863281250000
620.188964843750
620.513671875000
620.828613281250
621.150390625000
621.475585937500
621.798339843750
622.130859375000
622.455078125000
622.775390625000
623.101074218750
623.423828125000
623.740722656250
624.057617187500
624.385742187500
624.711425781250
625.039062500000
625.363281250000
625.684570312500
626.003906250000
626.323242187500
626.643066406250
626.961914062500
627.288574218750
627.612304687500
627.938476562500
628.259765625000
628.578125000000
628.897949218750
629.217773437500
629.542480468750
629.863281250000
630.188476562500
630.511230468750
630.835449218750
631.156738281250
631.470703125000
631.791503906250
632.110351562500
632.437988281250
632.758300781250
633.080078125000
633.402832031250
633.726562500000
634.043945312500
634.355468750000
634.678222656250
634.998535156250
635.325683593750
635.648925781250
635.964355468750
636.285644531250
636.603515625000
636.919921875000
637.231933593750
637.558593750000
637.882324218750
638.206542968750
638.525878906250
638.842773437500
639.158691406250
639.473632812500
639.794433593750
640.115722656250
640.434570312500
640.750000000000
641.074707031250
641.392089843750
641.704101562500
642.021484375000
642.341796875000
642.666015625000
642.984863281250
643.301269531250
643.621093750000
643.942382812500
644.251953125000