0.275878906250000
1.06347656250000
1.79980468750000
2.50830078125000
3.18505859375000
3.84375000000000
4.47851562500000
5.10742187500000
5.73730468750000
6.39257812500000
7.03906250000000
7.66894531250000
8.31982421875000
8.98632812500000
9.65527343750000
10.3041992187500
10.9267578125000
11.5454101562500
12.1665039062500
12.8022460937500
13.4301757812500
14.0468750000000
14.6479492187500
15.2441406250000
15.8432617187500
16.4379882812500
17.0292968750000
17.6123046875000
18.1889648437500
18.7661132812500
19.3359375000000
19.9033203125000
20.4638671875000
21.0268554687500
21.5903320312500
22.1582031250000
22.7304687500000
23.2924804687500
23.8471679687500
24.4023437500000
24.9560546875000
25.5112304687500
26.0698242187500
26.6254882812500
27.1728515625000
27.7207031250000
28.2744140625000
28.8354492187500
29.3984375000000
29.9653320312500
30.5258789062500
31.0878906250000
31.6582031250000
32.2387695312500
32.8217773437500
33.3979492187500
33.9614257812500
34.5244140625000
35.0937500000000
35.6567382812500
36.2192382812500
36.7827148437500
37.3530273437500
37.9272460937500
38.4995117187500
39.0605468750000
39.6186523437500
40.1762695312500
40.7363281250000
41.3027343750000
41.8750000000000
42.4394531250000
43.0073242187500
43.5795898437500
44.1577148437500
44.7333984375000
45.3041992187500
45.8759765625000
46.4482421875000
47.0224609375000
47.5947265625000
48.1645507812500
48.7216796875000
49.2739257812500
49.8203125000000
50.3676757812500
50.9213867187500
51.4833984375000
52.0454101562500
52.5981445312500
53.1425781250000
53.6860351562500
54.2290039062500
54.7895507812500
55.3652343750000
55.9628906250000
56.5664062500000
57.1542968750000
57.7451171875000
58.3325195312500
58.9204101562500
59.4858398437500
60.0605468750000
60.6372070312500
61.2192382812500
61.8115234375000
62.3925781250000
62.9687500000000
63.5375976562500
64.1005859375000
64.6694335937500
65.2446289062500
65.8222656250000
66.3916015625000
66.9555664062500
67.5244140625000
68.0957031250000
68.6640625000000
69.2192382812500
69.7690429687500
70.3208007812500
70.8842773437500
71.4550781250000
72.0488281250000
72.6210937500000
73.1962890625000
73.7705078125000
74.3603515625000
74.9599609375000
75.5502929687500
76.1254882812500
76.6884765625000
77.2558593750000
77.8261718750000
78.3940429687500
78.9609375000000
79.5156250000000
80.0615234375000
80.6093750000000
81.1640625000000
81.7338867187500
82.3095703125000
82.8842773437500
83.4541015625000
84.0263671875000
84.5991210937500
85.1640625000000
85.7182617187500
86.2636718750000
86.8037109375000
87.3403320312500
87.8730468750000
88.3994140625000
88.9218750000000
89.4438476562500
89.9633789062500
90.4897460937500
91.0087890625000
91.5239257812500
92.0375976562500
92.5478515625000
93.0668945312500
93.5942382812500
94.1245117187500
94.6704101562500
95.2192382812500
95.7670898437500
96.3139648437500
96.8662109375000
97.4169921875000
97.9589843750000
98.4965820312500
99.0380859375000
99.5805664062500
100.125000000000
100.666015625000
101.203125000000
101.740722656250
102.289062500000
102.845214843750
103.403320312500
103.956054687500
104.507324218750
105.064453125000
105.615234375000
106.159179687500
106.694824218750
107.219726562500
107.744140625000
108.272460937500
108.801757812500
109.334472656250
109.859375000000
110.380859375000
110.898437500000
111.421875000000
111.948730468750
112.470703125000
112.989746093750
113.503906250000
114.019531250000
114.540527343750
115.064941406250
115.588867187500
116.108886718750
116.623046875000
117.133789062500
117.645996093750
118.157226562500
118.679199218750
119.203613281250
119.721191406250
120.234863281250
120.745117187500
121.256835937500
121.770996093750
122.289550781250
122.806152343750
123.319335937500
123.831542968750
124.346191406250
124.864746093750
125.382812500000
125.896484375000
126.415039062500
126.935546875000
127.453125000000
127.966796875000
128.477050781250
128.989746093750
129.501953125000
130.009277343750
130.511230468750
131.015625000000
131.518066406250
132.030761718750
132.551269531250
133.077636718750
133.594238281250
134.108886718750
134.631347656250
135.160156250000
135.702148437500
136.234863281250
136.760742187500
137.283203125000
137.813476562500
138.346191406250
138.875000000000
139.395996093750
139.916503906250
140.444824218750
140.976562500000
141.500488281250
142.020507812500
142.534667968750
143.050292968750
143.567871093750
144.084472656250
144.597656250000
145.105468750000
145.609375000000
146.110351562500
146.610839843750
147.116699218750
147.624511718750
148.125976562500
148.625488281250
149.125976562500
149.625976562500
150.134765625000
150.649902343750
151.171875000000
151.685058593750
152.196777343750
152.705078125000
153.222656250000
153.743652343750
154.261718750000
154.773925781250
155.288574218750
155.804199218750
156.319335937500
156.827636718750
157.335449218750
157.837890625000
158.342285156250
158.844726562500
159.345703125000
159.844726562500
160.342773437500
160.837890625000
161.335937500000
161.827636718750
162.318847656250
162.805664062500
163.296875000000
163.788085937500
164.282714843750
164.781738281250
165.288574218750
165.788085937500
166.287597656250
166.787109375000
167.292480468750
167.803710937500
168.319824218750
168.828613281250
169.331542968750
169.834960937500
170.351562500000
170.883300781250
171.406738281250
171.930175781250
172.447753906250
172.960449218750
173.478027343750
173.999511718750
174.518066406250
175.038574218750
175.551269531250
176.055175781250
176.558105468750
177.067382812500
177.578125000000
178.092773437500
178.617187500000
179.133300781250
179.642578125000
180.146484375000
180.646484375000
181.141601562500
181.639648437500
182.133300781250
182.625976562500
183.112792968750
183.601562500000
184.086914062500
184.578613281250
185.069824218750
185.562011718750
186.048339843750
186.538085937500
187.022949218750
187.515625000000
188.006835937500
188.493652343750
188.979003906250
189.463867187500
189.951660156250
190.435058593750
190.915527343750
191.396972656250
191.875976562500
192.358398437500
192.836914062500
193.320312500000
193.798828125000
194.276367187500
194.758300781250
195.245605468750
195.729980468750
196.211914062500
196.688964843750
197.165039062500
197.641601562500
198.120117187500
198.601562500000
199.079589843750
199.555664062500
200.037109375000
200.524902343750
201.015136718750
201.499511718750
201.978027343750
202.457519531250
202.937500000000
203.414550781250
203.890136718750
204.361816406250
204.830566406250
205.303710937500
205.772949218750
206.248046875000
206.720703125000
207.195800781250
207.665527343750
208.139160156250
208.608886718750
209.077148437500
209.542480468750
210.009277343750
210.470703125000
210.932128906250
211.392578125000
211.853027343750
212.318847656250
212.783203125000
213.244628906250
213.706054687500
214.171386718750
214.636230468750
215.108886718750
215.579101562500
216.052734375000
216.522460937500
216.991699218750
217.458007812500
217.923828125000
218.387695312500
218.851074218750
219.309570312500
219.770019531250
220.228515625000
220.689453125000
221.155273437500
221.616210937500
222.075195312500
222.534667968750
223
223.468261718750
223.933593750000
224.394531250000
224.859863281250
225.321289062500
225.789062500000
226.250976562500
226.716796875000
227.175781250000
227.639160156250
228.101074218750
228.561523437500
229.019531250000
229.477539062500
229.936035156250
230.393066406250
230.848632812500
231.304687500000
231.756347656250
232.204101562500
232.656250000000
233.105957031250
233.552246093750
233.994628906250
234.438476562500
234.881347656250
235.321777343750
235.760253906250
236.203125000000
236.641601562500
237.082031250000
237.523437500000
237.965820312500
238.406250000000
238.846191406250
239.288574218750
239.728515625000
240.171875000000
240.608398437500
241.047851562500
241.486328125000
241.924804687500
242.364257812500
242.804199218750
243.241210937500
243.677246093750
244.115722656250
244.551269531250
244.986816406250
245.420410156250
245.852050781250
246.283691406250
246.718750000000
247.147460937500
247.580566406250
248.018066406250
248.457031250000
248.894531250000
249.329101562500
249.769531250000
250.205566406250
250.646972656250
251.085937500000
251.525390625000
251.962890625000
252.405273437500
252.843261718750
253.282226562500
253.723144531250
254.163085937500
254.599121093750
255.034667968750
255.472656250000
255.907714843750
256.342773437500
256.776367187500
257.210449218750
257.643066406250
258.077636718750
258.508300781250
258.940429687500
259.375000000000
259.808593750000
260.242675781250
260.677734375000
261.114746093750
261.547363281250
261.984863281250
262.419921875000
262.858398437500
263.296386718750
263.734375000000
264.171875000000
264.611328125000
265.048339843750
265.485351562500
265.922363281250
266.359375000000
266.793945312500
267.226562500000
267.657714843750
268.088378906250
268.522949218750
268.954589843750
269.390136718750
269.827148437500
270.259277343750
270.694824218750
271.127441406250
271.562500000000
271.994140625000
272.427246093750
272.855468750000
273.284179687500
273.716308593750
274.147460937500
274.575195312500
275.007324218750
275.437011718750
275.867675781250
276.297363281250
276.727539062500
277.156250000000
277.584960937500
278.008300781250
278.434082031250
278.859375000000
279.281738281250
279.705078125000
280.127441406250
280.548828125000
280.970214843750
281.391113281250
281.811523437500
282.228027343750
282.646484375000
283.061035156250
283.476562500000
283.890625000000
284.305175781250
284.718261718750
285.132812500000
285.543457031250
285.958496093750
286.367675781250
286.776367187500
287.187011718750
287.594238281250
287.999511718750
288.404296875000
288.807617187500
289.211914062500
289.615234375000
290.020019531250
290.420898437500
290.823242187500
291.225097656250
291.623046875000
292.020019531250
292.420898437500
292.815429687500
293.213378906250
293.611328125000
294.006835937500
294.397949218750
294.793457031250
295.187988281250
295.583007812500
295.974609375000
296.368652343750
296.757324218750
297.148437500000
297.540527343750
297.932128906250
298.322265625000
298.713378906250
299.102050781250
299.491699218750
299.881835937500
300.272949218750
300.657226562500
301.047363281250
301.433105468750
301.823730468750
302.211914062500
302.600585937500
302.984375000000
303.374511718750
303.760742187500
304.147460937500
304.537597656250
304.922363281250
305.310058593750
305.698242187500
306.085449218750
306.470703125000
306.858398437500
307.245117187500
307.633300781250
308.023925781250
308.408203125000
308.792968750000
309.181640625000
309.570312500000
309.955078125000
310.345214843750
310.729980468750
311.113281250000
311.498535156250
311.884765625000
312.269531250000
312.657226562500
313.039062500000
313.430175781250
313.806152343750
314.195312500000
314.571289062500
314.955566406250
315.337890625000
315.726562500000
316.106445312500
316.492187500000
316.871093750000
317.257324218750
317.638671875000
318.022949218750
318.405761718750
318.791503906250
319.172851562500
319.557617187500
319.941406250000
320.325195312500
320.707519531250
321.092773437500
321.478027343750
321.862792968750
322.249023437500
322.633300781250
323.015625000000
323.398925781250
323.787109375000
324.172851562500
324.557128906250
324.942871093750
325.326660156250
325.710449218750
326.095703125000
326.480468750000
326.861816406250
327.249023437500
327.633300781250
328.017578125000
328.399414062500
328.786621093750
329.166015625000
329.552734375000
329.937011718750
330.320800781250
330.703125000000
331.084960937500
331.464843750000
331.847656250000
332.228027343750
332.611816406250
332.992675781250
333.374511718750
333.756347656250
334.138671875000
334.519531250000
334.901855468750
335.281250000000
335.662597656250
336.042480468750
336.422363281250
336.804199218750
337.182617187500
337.562988281250
337.940917968750
338.320312500000
338.698730468750
339.078125000000
339.456054687500
339.836914062500
340.211914062500
340.585937500000
340.963867187500
341.339843750000
341.716308593750
342.093750000000
342.465820312500
342.843750000000
343.211914062500
343.585937500000
343.962402343750
344.335937500000
344.709960937500
345.085937500000
345.459472656250
345.835937500000
346.209960937500
346.586914062500
346.960937500000
347.345214843750
347.718750000000
348.096679687500
348.479003906250
348.859863281250
349.242187500000
349.623535156250
350.001464843750
350.382324218750
350.764648437500
351.145019531250
351.530273437500
351.912109375000
352.295898437500
352.678710937500
353.061523437500
353.445800781250
353.833984375000
354.218261718750
354.602539062500
354.987304687500
355.375000000000
355.757324218750
356.141601562500
356.524414062500
356.909179687500
357.291015625000
357.671875000000
358.052734375000
358.436035156250
358.815429687500
359.196777343750
359.573730468750
359.952148437500
360.328613281250
360.708984375000
361.085937500000
361.464843750000
361.838867187500
362.213378906250
362.588867187500
362.967285156250
363.343261718750
363.718261718750
364.091796875000
364.468750000000
364.842773437500
365.218750000000
365.586425781250
365.960449218750
366.333984375000
366.709472656250
367.077148437500
367.445312500000
367.813964843750
368.187500000000
368.555175781250
368.928222656250
369.291503906250
369.663085937500
370.030761718750
370.402832031250
370.767578125000
371.140136718750
371.502929687500
371.872070312500
372.240234375000
372.609863281250
372.975585937500
373.343261718750
373.712890625000
374.083496093750
374.449707031250
374.819335937500
375.188476562500
375.560546875000
375.925292968750
376.295410156250
376.664062500000
377.033203125000
377.402343750000
377.770019531250
378.136718750000
378.505371093750
378.875000000000
379.241699218750
379.609863281250
379.975585937500
380.343750000000
380.705078125000
381.074218750000
381.440429687500
381.811523437500
382.171875000000
382.539550781250
382.905761718750
383.272949218750
383.640625000000
384.007324218750
384.375000000000
384.741699218750
385.109863281250
385.476562500000
385.845703125000
386.214355468750
386.581542968750
386.947753906250
387.317871093750
387.686523437500
388.054687500000
388.418945312500
388.789550781250
389.155761718750
389.525390625000
389.892089843750
390.270019531250
390.619140625000
390.987304687500
391.354003906250
391.723632812500
392.085937500000
392.451660156250
392.814453125000
393.182128906250
393.547363281250
393.913085937500
394.277343750000
394.644531250000
395.010742187500
395.376953125000
395.742675781250
396.109863281250
396.477050781250
396.844726562500
397.211425781250
397.573730468750
397.937500000000
398.305175781250
398.672851562500
399.039062500000
399.399902343750
399.766113281250
400.133300781250
400.498535156250
400.875000000000
401.228515625000
401.593750000000
401.959960937500
402.326660156250
402.694335937500
403.060058593750
403.427246093750
403.794433593750
404.163574218750
404.530273437500
404.897949218750
405.261718750000
405.625000000000
405.995117187500
406.366210937500
406.733398437500
407.102539062500
407.463378906250
407.835937500000
408.199707031250
408.571289062500
408.937988281250
409.311523437500
409.674804687500
410.046875000000
410.413574218750
410.781738281250
411.151855468750
411.522949218750
411.892089843750
412.264160156250
412.632324218750
413.001464843750
413.368164062500
413.741210937500
414.114746093750
414.488281250000
414.858398437500
415.227050781250
415.595703125000
415.968750000000
416.342285156250
416.712890625000
417.084472656250
417.452636718750
417.822753906250
418.194335937500
418.565917968750
418.937988281250
419.311523437500
419.678710937500
420.057128906250
420.416015625000
420.787109375000
421.155273437500
421.524902343750
421.891601562500
422.257812500000
422.625000000000
422.992187500000
423.359375000000
423.736328125000
424.091308593750
424.458984375000
424.823730468750
425.188964843750
425.556640625000
425.922363281250
426.288085937500
426.650390625000
427.017089843750
427.383300781250
427.750000000000
428.107910156250
428.472656250000
428.836425781250
429.203125000000
429.561035156250
429.923828125000
430.285156250000
430.648925781250
431.008300781250
431.371093750000
431.727050781250
432.086914062500
432.447265625000
432.809082031250
433.165039062500
433.523925781250
433.883789062500
434.247070312500
434.605468750000
434.960937500000
435.320312500000
435.679687500000
436.040039062500
436.393066406250
436.750000000000
437.109375000000
437.468750000000
437.824707031250
438.183105468750
438.539062500000
438.892578125000
439.250976562500
439.608398437500
439.965332031250
440.318847656250
440.675781250000
441.032714843750
441.394042968750
441.744140625000
442.101562500000
442.455566406250
442.812011718750
443.166992187500
443.525878906250
443.875976562500
444.231933593750
444.585937500000
444.943359375000
445.297363281250
445.649414062500
446.003906250000
446.360351562500
446.718261718750
447.070800781250
447.425781250000
447.778320312500
448.133789062500
448.487792968750
448.845214843750
449.197753906250
449.552734375000
449.902832031250
450.257324218750
450.611816406250
450.968750000000
451.320312500000
451.677246093750
452.035156250000
452.387695312500
452.757812500000
453.099121093750
453.453125000000
453.807617187500
454.164062500000
454.515625000000
454.869140625000
455.225585937500
455.583007812500
455.937988281250
456.289550781250
456.644531250000
457.000488281250
457.355957031250
457.711914062500
458.066406250000
458.420898437500
458.774414062500
459.129394531250
459.484863281250
459.835937500000
460.188964843750
460.544433593750
460.899414062500
461.261718750000
461.603515625000
461.957031250000
462.311523437500
462.667968750000
463.018066406250
463.371093750000
463.724121093750
464.078125000000
464.428710937500
464.782714843750
465.131347656250
465.483398437500
465.835937500000
466.189941406250
466.539062500000
466.892578125000
467.246093750000
467.600097656250
467.953125000000
468.302246093750
468.656250000000
469.008300781250
469.355468750000
469.707519531250
470.060058593750
470.415039062500
470.765625000000
471.117187500000
471.468261718750
471.823730468750
472.174804687500
472.530273437500
472.878906250000
473.230957031250
473.580566406250
473.936035156250
474.289062500000
474.639160156250
474.989257812500
475.341796875000
475.697265625000
476.048339843750
476.399414062500
476.751464843750
477.106445312500
477.457519531250
477.812011718750
478.159179687500
478.509765625000
478.866210937500
479.218750000000
479.570800781250
479.919921875000
480.273925781250
480.626953125000
480.985839843750
481.329589843750
481.687500000000
482.040527343750
482.397460937500
482.749023437500
483.106445312500
483.457031250000
483.808105468750
484.160156250000
484.515136718750
484.871093750000
485.227539062500
485.580566406250
485.930664062500
486.288574218750
486.639648437500
486.995117187500
487.347167968750
487.701171875000
488.051757812500
488.399414062500
488.751464843750
489.103515625000
489.459472656250
489.806152343750
490.156250000000
490.509277343750
490.866699218750
491.213378906250
491.562500000000
491.914062500000
492.265625000000
492.614746093750
492.967773437500
493.313964843750
493.662597656250
494.007812500000
494.357910156250
494.709960937500
495.056640625000
495.406250000000
495.752929687500
496.103515625000
496.452636718750
496.804199218750
497.151855468750
497.495117187500
497.844726562500
498.194335937500
498.547363281250
498.891113281250
499.242187500000
499.586425781250
499.939941406250
500.288574218750
500.640625000000
500.983398437500
501.330566406250
501.679199218750
502.029296875000
502.374023437500
502.720703125000
503.066406250000
503.411132812500
503.757812500000
504.106445312500
504.455078125000
504.800292968750
505.147460937500
505.492187500000
505.838867187500
506.188964843750
506.532714843750
506.876953125000
507.225097656250
507.577636718750
507.916992187500
508.267089843750
508.612304687500
508.965332031250
509.311523437500
509.655761718750
510.001953125000
510.350097656250
510.697753906250
511.041503906250
511.391113281250
511.740234375000
512.085937500000
512.434082031250
512.781250000000
513.130859375000
513.478027343750
513.826660156250
514.171386718750
514.519531250000
514.864257812500
515.216796875000
515.563476562500
515.914062500000
516.261718750000
516.610839843750
516.960449218750
517.305175781250
517.654785156250
518.003417968750
518.357421875000
518.699218750000
519.048828125000
519.399414062500
519.750000000000
520.099609375000
520.453125000000
520.798339843750
521.148925781250
521.497070312500
521.842773437500
522.191894531250
522.542968750000
522.906250000000
523.240722656250
523.593750000000
523.943847656250
524.296875000000
524.640136718750
524.992675781250
525.339843750000
525.695312500000
526.038085937500
526.384277343750
526.733886718750
527.084960937500
527.433593750000
527.780273437500
528.126464843750
528.476074218750
528.828125000000
529.170898437500
529.519042968750
529.865722656250
530.213867187500
530.556640625000
530.899414062500
531.247070312500
531.593750000000
531.942871093750
532.285156250000
532.628906250000
532.976562500000
533.323242187500
533.667480468750
534.008789062500
534.350585937500
534.695312500000
535.042968750000
535.387207031250
535.734375000000
536.070312500000
536.418945312500
536.765625000000
537.111328125000
537.457519531250
537.802734375000
538.143066406250
538.489257812500
538.835937500000
539.183105468750
539.531250000000
539.874511718750
540.217285156250
540.561035156250
540.912597656250
541.250000000000
541.594726562500
541.939941406250
542.287597656250
542.624511718750
542.970703125000
543.318359375000
543.662109375000
544.015625000000
544.347656250000
544.691894531250
545.037597656250
545.382812500000
545.722167968750
546.064941406250
546.410644531250
546.757324218750
547.099609375000
547.436035156250
547.780761718750
548.123046875000
548.469726562500
548.812500000000
549.165039062500
549.496093750000
549.839843750000
550.182128906250
550.528320312500
550.870605468750
551.206054687500
551.551757812500
551.894042968750
552.240722656250
552.576171875000
552.922851562500
553.265136718750
553.610351562500
553.950683593750
554.288085937500
554.625976562500
554.967773437500
555.312988281250
555.647460937500
555.990722656250
556.331054687500
556.673339843750
557.013671875000
557.352539062500
557.688476562500
558.028320312500
558.370117187500
558.710937500000
559.046875000000
559.391113281250
559.730468750000
560.072753906250
560.414062500000
560.749511718750
561.089843750000
561.432128906250
561.774902343750
562.117187500000
562.449218750000
562.795410156250
563.133789062500
563.478027343750
563.818359375000
564.164062500000
564.495605468750
564.836425781250
565.177734375000
565.522460937500
565.866210937500
566.205078125000
566.546875000000
566.890136718750
567.233398437500
567.576171875000
567.920410156250
568.260253906250
568.596679687500
568.937988281250
569.280273437500
569.626953125000
569.969238281250
570.312500000000
570.654296875000
571
571.342285156250
571.687011718750
572.025878906250
572.368652343750
572.704589843750
573.047363281250
573.391113281250
573.734863281250
574.070312500000
574.413574218750
574.757324218750
575.097656250000
575.444824218750
575.780761718750
576.119140625000
576.461425781250
576.803710937500
577.141601562500
577.477539062500
577.820800781250
578.159667968750
578.511718750000
578.837890625000
579.179199218750
579.517578125000
579.858886718750
580.189941406250
580.530761718750
580.872558593750
581.205078125000
581.543457031250
581.881347656250
582.220703125000
582.561035156250
582.897949218750
583.228515625000
583.564941406250
583.904785156250
584.240234375000
584.577636718750
584.914062500000
585.250976562500
585.587402343750
585.925781250000
586.255859375000
586.588867187500
586.928222656250
587.265136718750
587.602539062500
587.936035156250
588.271484375000
588.606445312500
588.942871093750
589.279785156250
589.615234375000
589.950683593750
590.281250000000
590.617187500000
590.952148437500
591.289062500000
591.622558593750
591.960937500000
592.288574218750
592.621093750000
592.958007812500
593.294921875000
593.632812500000
593.960937500000
594.296875000000
594.635742187500
594.971679687500
595.305664062500
595.642089843750
595.970703125000
596.305664062500
596.645019531250
596.979980468750
597.308593750000
597.648437500000
597.983886718750
598.319824218750
598.656250000000
598.986816406250
599.320800781250
599.654785156250
599.992187500000
600.328613281250
600.663574218750
600.996093750000
601.329589843750
601.667480468750
602.002441406250
602.340332031250
602.671875000000
603.004394531250
603.335937500000
603.673339843750
604.012207031250
604.348632812500
604.695312500000
605.016113281250
605.352539062500
605.687500000000
606.023925781250
606.358886718750
606.687988281250
607.026367187500
607.363281250000
607.704589843750
608.035156250000
608.371093750000
608.705078125000
609.041992187500
609.379394531250
609.708496093750
610.044921875000
610.381347656250
610.726562500000
611.049316406250
611.385742187500
611.722167968750
612.062500000000
612.389160156250
612.722167968750
613.058593750000
613.394531250000
613.726562500000
614.056640625000
614.392089843750
614.727050781250
615.063964843750
615.396972656250
615.728027343750
616.056640625000
616.391113281250
616.726562500000
617.055664062500
617.389648437500
617.724121093750
618.062011718750
618.390625000000
618.720703125000
619.054687500000
619.389648437500
619.722167968750
620.051269531250
620.382812500000
620.713378906250
621.049804687500
621.382812500000
621.714355468750
622.046875000000
622.383789062500
622.708007812500
623.039550781250
623.374023437500
623.704589843750
624.035156250000
624.368164062500
624.704101562500
625.047851562500
625.363281250000
625.695800781250
626.028320312500
626.360839843750
626.686523437500
627.019042968750
627.349609375000
627.695312500000
628.008300781250
628.343261718750
628.671386718750
629.007812500000
629.329101562500
629.658691406250
629.993164062500
630.314453125000
630.649902343750
630.981933593750
631.314941406250
631.642578125000
631.973144531250
632.295898437500
632.625488281250
632.959960937500
633.283691406250
633.613281250000
633.944335937500
634.273437500000
634.600585937500
634.928710937500
635.258789062500
635.588867187500
635.922851562500
636.242187500000
636.571289062500
636.899902343750
637.233886718750
637.557617187500
637.883789062500
638.213378906250
638.542968750000
638.874511718750
639.196777343750
639.530273437500
639.857910156250
640.175781250000
640.517089843750
640.842285156250
641.171875000000
641.499511718750
641.833984375000
642.156250000000
642.489257812500
642.816406250000
643.145996093750
643.469238281250
643.798828125000
644.131347656250
644.457519531250
644.789062500000
645.115234375000
645.447265625000
645.773925781250
646.103027343750
646.429199218750
646.758789062500
647.092285156250
647.419433593750
647.742187500000
648.073730468750
648.405273437500
648.734375000000
649.057617187500
649.388183593750
649.716796875000
650.047851562500
650.374023437500
650.703125000000
651.029296875000
651.359863281250
651.687500000000
652.015136718750
652.338378906250
652.665527343750
652.998535156250
653.325683593750
653.648437500000
653.976074218750
654.304687500000
654.632812500000
654.962402343750
655.281250000000
655.609375000000
655.938476562500
656.266601562500
656.593750000000
656.915527343750
657.246093750000
657.572265625000
657.904785156250
658.226562500000
658.549316406250
658.876953125000
659.204589843750
659.531250000000
659.856933593750
660.186523437500
660.511718750000
660.842285156250
661.163574218750
661.486816406250
661.808593750000
662.140136718750
662.469238281250
662.796386718750
663.125000000000
663.445312500000
663.770996093750
664.101562500000
664.427246093750
664.757812500000
665.076660156250
665.405273437500
665.732910156250
666.062500000000
666.378417968750
666.705566406250
667.034179687500
667.361328125000
667.699218750000
668.009765625000
668.335937500000
668.665527343750
668.992187500000
669.312500000000
669.639160156250
669.967773437500
670.293945312500
670.621093750000
670.944335937500
671.273437500000
671.599121093750
671.926757812500
672.250000000000
672.574218750000
672.904296875000
673.228027343750
673.554687500000
673.881347656250
674.207031250000
674.532226562500
674.857421875000
675.178222656250
675.503417968750
675.831542968750
676.155273437500