0.399414062500000
1.13761467889908
1.87158203125000
2.59277343750000
3.28271484375000
3.94433593750000
4.59814453125000
5.25292968750000
5.90820312500000
6.56591796875000
7.20605468750000
7.82958984375000
8.44970703125000
9.06591796875000
9.66552734375000
10.2583007812500
10.8466796875000
11.4306640625000
12.0190429687500
12.6049804687500
13.1816406250000
13.7465820312500
14.2998046875000
14.8535156250000
15.4033203125000
15.9584960937500
16.5195312500000
17.0737304687500
17.6210937500000
18.1684570312500
18.7124023437500
19.2519531250000
19.7856445312500
20.3222656250000
20.8540039062500
21.3876953125000
21.9228515625000
22.4550781250000
22.9799804687500
23.5009765625000
24.0185546875000
24.5346679687500
25.0419921875000
25.5527343750000
26.0585937500000
26.5737304687500
27.0839843750000
27.6059570312500
28.1293945312500
28.6701508269964
29.2192382812500
29.7744140625000
30.3398437500000
30.9189453125000
31.5273437500000
32.1450195312500
32.7363281250000
33.3105468750000
33.8583984375000
34.4028320312500
34.9418945312500
35.4799804687500
36.0244878117385
36.5688476562500
37.1108398437500
37.6464843750000
38.1855468750000
38.7360066700464
39.2866210937500
39.8408203125000
40.4018554687500
40.9624023437500
41.5336914062500
42.1054687500000
42.6826171875000
43.2460937500000
43.8007812500000
44.3614955406194
44.9257812500000
45.5004882812500
46.0747070312500
46.6503906250000
47.2114257812500
47.7705078125000
48.3247070312500
48.8725585937500
49.4184570312500
49.9653320312500
50.5102539062500
51.0439453125000
51.5756835937500
52.1152343750000
52.6740384376959
53.2815817608356
53.9306640625000
54.5742187500000
55.2045898437500
55.8247070312500
56.4233398437500
57.0043945312500
57.5605468750000
58.1147460937500
58.6625976562500
59.2128906250000
59.7666015625000
60.3242187500000
60.8476562500000
61.4179687500000
61.9619140625000
62.4956054687500
63.0312500000000
63.5629882812500
64.1005859375000
64.6591796875000
65.2617187500000
65.8808593750000
66.5014648437500
67.0976562500000
67.6704101562500
68.2412109375000
68.8159179687500
69.3945312500000
69.9726562500000
70.5498046875000
71.1171875000000
71.6787109375000
72.2426757812500
72.8095703125000
73.3916015625000
73.9741210937500
74.5463867187500
75.0991210937500
75.6420898437500
76.1811523437500
76.7197265625000
77.2670898437500
77.8172056870922
78.3852539062500
78.9438476562500
79.4965820312500
80.0488281250000
80.6000976562500
81.1563784112032
81.7192382812500
82.2695312500000
82.8090820312500
83.3515625000000
83.8964395732828
84.4721679687500
85.0581054687500
85.6503906250000
86.2543945312500
86.8320312500000
87.4687500000000
88.0732421875000
88.6738281250000
89.2387695312500
89.8242187500000
90.4404296875000
91.0180664062500
91.5917968750000
92.1586914062500
92.7231445312500
93.2915039062500
93.8603515625000
94.4287109375000
95.0024414062500
95.5507812500000
96.1572265625000
96.7187500000000
97.2685546875000
97.8139648437500
98.3575160080568
98.9101562500000
99.4697265625000
100.048828125000
100.648925781250
101.237792968750
101.817871093750
102.376953125000
102.963569823001
103.565917968750
104.139648437500
104.691894531250
105.237304687500
105.775878906250
106.308593750000
106.847656250000
107.383300781250
107.910156250000
108.433593750000
108.947265625000
109.462402343750
109.975585937500
110.490722656250
111
111.517578125000
112.035156250000
112.558593750000
113.081054687500
113.598632812500
114.119140625000
114.641601562500
115.165527343750
115.689453125000
116.219238281250
116.753417968750
117.292480468750
117.837890625000
118.385253906250
118.940917968750
119.501464843750
120.050292968750
120.588378906250
121.118652343750
121.644531250000
122.166992187500
122.687500000000
123.208007812500
123.726562500000
124.244628906250
124.756347656250
125.270507812500
125.784667968750
126.308593750000
126.838378906250
127.375976562500
127.902343750000
128.434082031250
128.960937500000
129.487304687500
130.011718750000
130.536132812500
131.057617187500
131.575195312500
132.093750000000
132.606933593750
133.120605468750
133.636230468750
134.159179687500
134.691894531250
135.244337406008
135.813476562500
136.372558593750
136.928710937500
137.480468750000
138.020996093750
138.556152343750
139.083496093750
139.597167968750
140.115234375000
140.630371093750
141.148437500000
141.667968750000
142.188964843750
142.699707031250
143.212402343750
143.724121093750
144.243164062500
144.762695312500
145.287597656250
145.816894531250
146.353027343750
146.891601562500
147.431152343750
147.970703125000
148.502441406250
149.035644531250
149.562011718750
150.087890625000
150.604980468750
151.115722656250
151.621093750000
152.126464843750
152.623046875000
153.122070312500
153.621093750000
154.129394531250
154.635742187500
155.151855468750
155.695081973322
156.248535156250
156.810058593750
157.361328125000
157.906738281250
158.443359375000
158.972167968750
159.489746093750
160.003906250000
160.511718750000
161.019531250000
161.525878906250
162.025390625000
162.526367187500
163.023437500000
163.526855468750
164.027343750000
164.523925781250
165.020507812500
165.523437500000
166.026367187500
166.530273437500
167.034667968750
167.535644531250
168.037597656250
168.539062500000
169.035156250000
169.528808593750
170.019042968750
170.510253906250
170.997558593750
171.484375000000
171.969726562500
172.458007812500
172.942871093750
173.426757812500
173.909179687500
174.390625000000
174.875976562500
175.359863281250
175.842285156250
176.326171875000
176.809570312500
177.301269531250
177.793457031250
178.293457031250
178.794921875000
179.295898437500
179.792968750000
180.285644531250
180.778808593750
181.270507812500
181.759765625000
182.246582031250
182.730957031250
183.215332031250
183.697753906250
184.176757812500
184.653808593750
185.134765625000
185.612304687500
186.094238281250
186.574707031250
187.067382812500
187.560058593750
188.053222656250
188.556640625000
189.063476562500
189.568847656250
190.067871093750
190.568359375000
191.067871093750
191.566406250000
192.058593750000
192.545898437500
193.034667968750
193.527343750000
194.012207031250
194.494628906250
194.971679687500
195.451171875000
195.929687500000
196.404785156250
196.877929687500
197.355468750000
197.832519531250
198.309570312500
198.787597656250
199.275878906250
199.763183593750
200.251464843750
200.743652343750
201.241210937500
201.743164062500
202.254882812500
202.776367187500
203.300781250000
203.823242187500
204.356445312500
204.892089843750
205.418457031250
205.956542968750
206.488281250000
207.017089843750
207.525878906250
208.027832031250
208.517578125000
208.997558593750
209.477539062500
209.954589843750
210.425292968750
210.895019531250
211.362792968750
211.828613281250
212.287597656250
212.750976562500
213.211425781250
213.676269531250
214.144531250000
214.619628906250
215.096679687500
215.580078125000
216.062011718750
216.550292968750
217.027343750000
217.509765625000
217.987304687500
218.464843750000
218.934082031250
219.405273437500
219.871093750000
220.332031250000
220.793457031250
221.254394531250
221.712890625000
222.174316406250
222.636230468750
223.098632812500
223.563964843750
224.034667968750
224.508300781250
224.980468750000
225.452636718750
225.925781250000
226.393554687500
226.860839843750
227.322753906250
227.787109375000
228.248046875000
228.709472656250
229.166992187500
229.625488281250
230.081054687500
230.536132812500
230.993164062500
231.448242187500
231.900878906250
232.357910156250
232.813964843750
233.265136718750
233.713867187500
234.160644531250
234.605957031250
235.050292968750
235.487304687500
235.926269531250
236.360839843750
236.800781250000
237.238281250000
237.681640625000
238.121582031250
238.566894531250
239.015625000000
239.463867187500
239.910644531250
240.363281250000
240.819335937500
241.271972656250
241.720214843750
242.166992187500
242.615234375000
243.062011718750
243.507812500000
243.952636718750
244.395996093750
244.836914062500
245.275878906250
245.715332031250
246.154785156250
246.594726562500
247.035644531250
247.474609375000
247.911621093750
248.346191406250
248.782714843750
249.215332031250
249.652343750000
250.088378906250
250.523925781250
250.957031250000
251.393554687500
251.831054687500
252.265625000000
252.704101562500
253.138671875000
253.575683593750
254.009277343750
254.444335937500
254.873046875000
255.300292968750
255.723144531250
256.149414062500
256.563476562500
256.986816406250
257.407226562500
257.826660156250
258.248046875000
258.669433593750
259.090332031250
259.512695312500
259.938476562500
260.357421875000
260.783691406250
261.209472656250
261.641601562500
262.072753906250
262.504882812500
262.942871093750
263.378906250000
263.815429687500
264.249023437500
264.684570312500
265.117187500000
265.547363281250
265.977539062500
266.402832031250
266.824218750000
267.248535156250
267.668457031250
268.089843750000
268.515625000000
268.934570312500
269.356933593750
269.777343750000
270.198730468750
270.616210937500
271.032714843750
271.448730468750
271.876464843750
272.300781250000
272.729492187500
273.159667968750
273.585449218750
274.012207031250
274.435546875000
274.861328125000
275.283691406250
275.706054687500
276.125000000000
276.543945312500
276.958007812500
277.375488281250
277.791503906250
278.208984375000
278.628906250000
279.048828125000
279.469726562500
279.890625000000
280.308593750000
280.722656250000
281.138671875000
281.548828125000
281.961914062500
282.373046875000
282.785644531250
283.200195312500
283.610839843750
284.021972656250
284.432617187500
284.846679687500
285.254394531250
285.671875000000
286.086914062500
286.505371093750
286.924804687500
287.350097656250
287.771972656250
288.197753906250
288.621093750000
289.048339843750
289.467285156250
289.892578125000
290.312988281250
290.742675781250
291.166503906250
291.589843750000
292.004394531250
292.424804687500
292.843750000000
293.267578125000
293.688476562500
294.111328125000
294.534179687500
294.955566406250
295.378906250000
295.805175781250
296.230957031250
296.654296875000
297.081542968750
297.510742187500
297.941406250000
298.373046875000
298.807617187500
299.243164062500
299.676269531250
300.111816406250
300.540527343750
300.973144531250
301.402832031250
301.840332031250
302.267578125000
302.697753906250
303.120117187500
303.549316406250
303.971191406250
304.394531250000
304.818359375000
305.236328125000
305.658691406250
306.079589843750
306.496093750000
306.910644531250
307.331542968750
307.750976562500
308.164550781250
308.585449218750
309.012695312500
309.441406250000
309.868652343750
310.295898437500
310.722167968750
311.150878906250
311.569824218750
311.988281250000
312.410156250000
312.830566406250
313.249023437500
313.667480468750
314.083007812500
314.500000000000
314.916015625000
315.327636718750
315.741210937500
316.156250000000
316.564453125000
316.973632812500
317.382324218750
317.793945312500
318.201660156250
318.612304687500
319.020019531250
319.430175781250
319.835937500000
320.245605468750
320.652343750000
321.058105468750
321.463378906250
321.870605468750
322.275390625000
322.676269531250
323.080566406250
323.487304687500
323.895019531250
324.302734375000
324.710449218750
325.117187500000
325.525390625000
325.930175781250
326.335449218750
326.753906250000
327.111816406250
327.529792403474
327.939941406250
328.344726562500
328.744628906250
329.145996093750
329.549804687500
329.950195312500
330.352539062500
330.752441406250
331.152832031250
331.552246093750
331.953125000000
332.325683593750
332.754882812500
333.156738281250
333.555664062500
333.957519531250
334.360351562500
334.761718750000
335.157714843750
335.556152343750
335.957519531250
336.355468750000
336.760742187500
337.160644531250
337.563964843750
337.960937500000
338.362304687500
338.757812500000
339.153320312500
339.550781250000
339.948242187500
340.340820312500
340.738281250000
341.134765625000
341.534179687500
341.925781250000
342.321289062500
342.713378906250
343.111816406250
343.510253906250
343.911621093750
344.312988281250
344.713867187500
345.112304687500
345.515625000000
345.914550781250
346.312988281250
346.709472656250
347.109375000000
347.512207031250
347.910644531250
348.308105468750
348.705566406250
349.097167968750
349.494628906250
349.887207031250
350.286132812500
350.684570312500
351.083007812500
351.482421875000
351.883789062500
352.285156250000
352.684570312500
353.081542968750
353.480468750000
353.880859375000
354.286132812500
354.682617187500
355.081054687500
355.477539062500
355.878417968750
356.278320312500
356.682128906250
357.084472656250
357.486328125000
357.886718750000
358.285156250000
358.687500000000
359.082031250000
359.479492187500
359.874023437500
360.269042968750
360.661621093750
361.058105468750
361.452636718750
361.845703125000
362.237304687500
362.626464843750
363.018066406250
363.413085937500
363.808593750000
364.207519531250
364.603027343750
364.996093750000
365.392578125000
365.785156250000
366.180664062500
366.571289062500
366.963378906250
367.351562500000
367.745117187500
368.132812500000
368.520507812500
368.907226562500
369.297851562500
369.681152343750
370.063476562500
370.442871093750
370.829101562500
371.207031250000
371.587890625000
371.964843750000
372.345703125000
372.723144531250
373.102050781250
373.482421875000
373.863769531250
374.242187500000
374.623535156250
375.004394531250
375.386230468750
375.769042968750
376.150390625000
376.533203125000
376.914550781250
377.294433593750
377.675781250000
378.056640625000
378.437500000000
378.816406250000
379.196289062500
379.576171875000
379.955078125000
380.335937500000
380.713867187500
381.093261718750
381.468750000000
381.847656250000
382.222656250000
382.598632812500
382.972656250000
383.347656250000
383.722656250000
384.097167968750
384.472656250000
384.846191406250
385.220703125000
385.590678867248
385.964843750000
386.340820312500
386.714843750000
387.087402343750
387.460449218750
387.835937500000
388.207031250000
388.582031250000
388.957031250000
389.325683593750
389.699218750000
390.072753906250
390.443359375000
390.817382812500
391.191406250000
391.565429687500
391.935546875000
392.307617187500
392.680664062500
393.052246093750
393.425292968750
393.798828125000
394.170410156250
394.546386718750
394.919433593750
395.293457031250
395.666992187500
396.041503906250
396.414550781250
396.788085937500
397.161132812500
397.534667968750
397.907226562500
398.283203125000
398.653320312500
399.027832031250
399.401855468750
399.776855468750
400.148925781250
400.520996093750
400.894042968750
401.267578125000
401.639648437500
401.981933593750
402.386718750000
402.759277343750
403.129394531250
403.478027343750
403.876464843750
404.251953125000
404.625488281250
404.998046875000
405.370605468750
405.744140625000
406.119140625000
406.493164062500
406.863281250000
407.182128906250
407.606634664126
407.974609375000
408.348632812500
408.723632812500
409.067382812500
409.467773437500
409.843750000000
410.215820312500
410.586659050952
410.955078125000
411.296139173276
411.697265625000
412.067382812500
412.433105468750
412.802651101136
413.176269531250
413.545410156250
413.915527343750
414.283203125000
414.655273437500
415.024902343750
415.393554687500
415.761230468750
416.129394531250
416.497558593750
416.863769531250
417.231933593750
417.598144531250
417.964355468750
418.331054687500
418.697753906250
419.060058593750
419.426757812500
419.791015625000
420.154785156250
420.518066406250
420.882324218750
421.247070312500
421.610839843750
421.970703125000
422.332031250000
422.691406250000
423.051757812500
423.411132812500
423.770019531250
424.125000000000
424.486328125000
424.842773437500
425.202636718750
425.559082031250
425.923828125000
426.285644531250
426.645019531250
427.005371093750
427.371582031250
427.734375000000
428.097656250000
428.457031250000
428.822265625000
429.187500000000
429.551269531250
429.910156250000
430.279785156250
430.643066406250
431.008789062500
431.371093750000
431.737304687500
432.098632812500
432.464355468750
432.825683593750
433.192382812500
433.554687500000
433.917968750000
434.280273437500
434.645996093750
435.009277343750
435.370605468750
435.731445312500
436.095703125000
436.455078125000
436.812500000000
437.170410156250
437.526855468750
437.882324218750
438.237792968750
438.598632812500
438.956054687500
439.314453125000
439.671875000000
440.032714843750
440.391113281250
440.752441406250
441.111816406250
441.411621093750
441.827433109072
442.190917968750
442.549804687500
442.911621093750
443.269531250000
443.632812500000
443.992675781250
444.351562500000
444.712402343750
445.068847656250
445.426757812500
445.782714843750
446.137207031250
446.493652343750
446.847167968750
447.199707031250
447.553222656250
447.901855468750
448.263183593750
448.611816406250
448.969238281250
449.323242187500
449.681640625000
450.035156250000
450.389648437500
450.714843750000
451.051269531250
451.417968750000
451.813476562500
452.169433593750
452.527343750000
452.884277343750
453.239746093750
453.597167968750
453.953613281250
454.306640625000
454.660156250000
455.010742187500
455.363281250000
455.713378906250
456.065429687500
456.423339843750
456.777832031250
457.134277343750
457.488769531250
457.847656250000
458.204589843750
458.560058593750
458.921875000000
459.285644531250
459.645019531250
460.005859375000
460.370117187500
460.732421875000
461.096191406250
461.465332031250
461.831054687500
462.198242187500
462.566406250000
462.939941406250
463.308593750000
463.677734375000
464.050292968750
464.425781250000
464.798828125000
465.176757812500
465.549804687500
465.925292968750
466.292968750000
466.666015625000
467.033203125000
467.402343750000
467.768066406250
468.128906250000
468.494628906250
468.855957031250
469.217773437500
469.580078125000
469.937500000000
470.301269531250
470.662109375000
471.026367187500
471.391113281250
471.750488281250
472.115722656250
472.479492187500
472.844238281250
473.205566406250
473.568359375000
473.894531250000
474.296386718750
474.656738281250
475.017578125000
475.378906250000
475.740722656250
476.099609375000
476.463378906250
476.821289062500
477.182617187500
477.538085937500
477.899902343750
478.258300781250
478.618164062500
478.972656250000
479.328125000000
479.683105468750
480.035156250000
480.387207031250
480.737792968750
481.089355468750
481.438476562500
481.787597656250
482.138183593750
482.490234375000
482.846679687500
483.198242187500
483.550292968750
483.899902343750
484.253906250000
484.606933593750
484.959960937500
485.314453125000
485.665039062500
486.019531250000
486.375976562500
486.729980468750
487.083007812500
487.437500000000
487.786621093750
488.136230468750
488.485351562500
488.830566406250
489.182128906250
489.527343750000
489.875000000000
490.222656250000
490.576171875000
490.854980468750
491.268554687500
491.617187500000
491.970214843750
492.316406250000
492.673339843750
493.019531250000
493.371093750000
493.720703125000
494.070800781250
494.415527343750
494.756347656250
495.099121093750
495.441894531250
495.785156250000
496.132846633197
496.477539062500
496.823730468750
497.167480468750
497.517089843750
497.864257812500
498.212890625000
498.559082031250
498.901367187500
499.245605468750
499.586425781250
499.924804687500
500.267578125000
500.610351562500
500.955566406250
501.298339843750
501.643554687500
501.984375000000
502.335937500000
502.680175781250
503.017089843750
503.369140625000
503.713867187500
504.049804687500
504.389160156250
504.731445312500
505.074218750000
505.413085937500
505.757812500000
506.104003906250
506.445312500000
506.793945312500
507.137207031250
507.481933593750
507.824707031250
508.165039062500
508.502929687500
508.839843750000
509.182617187500
509.522198754954
509.869140625000
510.208496093750
510.552246093750
510.894531250000
511.244628906250
511.586914062500
511.929687500000
512.270019531250
512.611816406250
512.949218750000
513.287109375000
513.629394531250
513.972656250000
514.313964843750
514.655273437500
515.002441406250
515.345703125000
515.690917968750
516.035644531250
516.377929687500
516.718750000000
517.059570312500
517.395507812500
517.734375000000
518.078125000000
518.420474752240
518.756835937500
519.097656250000
519.447753906250
519.789062500000
520.137695312500
520.479492187500
520.822753906250
521.165527343750
521.511718750000
521.843750000000
522.183593750000
522.523925781250
522.863769531250
523.203125000000
523.542968750000
523.887695312500
524.226562500000
524.576660156250
524.917968750000
525.260742187500
525.599121093750
525.938476562500
526.275390625000
526.608398437500
526.948242187500
527.284179687500
527.623535156250
527.960937500000
528.305664062500
528.644531250000
528.990234375000
529.329589843750
529.668457031250
530.008789062500
530.347656250000
530.684570312500
531.019531250000
531.357910156250
531.695312500000
532.033691406250
532.371093750000
532.711914062500
533.050781250000
533.395996093750
533.734863281250
534.074218750000
534.410644531250
534.741699218750
535.080078125000
535.416015625000
535.753906250000
536.089843750000
536.430175781250
536.768066406250
537.110839843750
537.449218750000
537.790527343750
538.127441406250
538.463378906250
538.795410156250
539.128906250000
539.467773437500
539.807617187500
540.144531250000
540.480468750000
540.821289062500
541.160156250000
541.503417968750
541.839843750000
542.183593750000
542.520996093750
542.855957031250
543.192382812500
543.524902343750
543.863769531250
544.200683593750
544.539550781250
544.871093750000
545.214355468750
545.552246093750
545.894042968750
546.230468750000
546.574218750000
546.910644531250
547.244628906250
547.580078125000
547.909179687500
548.246582031250
548.584472656250
548.921386718750
549.253906250000
549.594726562500
549.933593750000
550.272460937500
550.612792968750
550.953125000000
551.290527343750
551.621093750000
551.958007812500
552.295410156250
552.632812500000
552.966308593750
553.305175781250
553.640625000000
553.983886718750
554.322265625000
554.666503906250
555.004394531250
555.341796875000
555.679687500000
556.012207031250
556.348144531250
556.686523437500
557.024414062500
557.359375000000
557.698242187500
558.035156250000
558.378906250000
558.718750000000
559.064453125000
559.401855468750
559.739746093750
560.081054687500
560.417968750000
560.751953125000
561.089355468750
561.425292968750
561.760253906250
562.096679687500
562.432617187500
562.774414062500
563.111328125000
563.457031250000
563.791992187500
564.131835937500
564.467285156250
564.804687500000
565.137695312500
565.477539062500
565.812988281250
566.148437500000
566.486328125000
566.824218750000
567.164550781250
567.496093750000
567.844726562500
568.181152343750
568.518066406250
568.855468750000
569.185546875000
569.524414062500
569.855957031250
570.195312500000
570.527343750000
570.868164062500
571.204589843750
571.545410156250
571.885253906250
572.226562500000
572.560546875000
572.900390625000
573.233398437500
573.561523437500
573.896484375000
574.199218750000
574.567871093750
574.905761718750
575.237792968750
575.579101562500
575.916992187500
576.254882812500
576.591796875000
576.927246093750
577.259765625000
577.590332031250
577.923828125000
578.255859375000
578.560058593750
578.925781250000
579.259277343750
579.596191406250
579.933593750000
580.270507812500
580.603515625000
580.938964843750
581.270019531250
581.597656250000
581.935058593750
582.239746093750
582.603515625000
582.933593750000
583.275390625000
583.609375000000
583.943359375000
584.281250000000
584.613281250000
584.948242187500
585.281250000000
585.615234375000
585.949218750000
586.283691406250
586.619140625000
586.957519531250
587.293457031250
587.636718750000
587.971191406250
588.303222656250
588.638671875000
588.965820312500
589.302246093750
589.637695312500
589.973144531250
590.304687500000
590.643066406250
590.979003906250
591.317871093750
591.651367187500
591.995605468750
592.330566406250
592.664062500000
593
593.333496093750
593.666992187500
593.996093750000
594.334960937500
594.638671875000
595.003417968750
595.336914062500
595.675781250000
596.012207031250
596.347656250000
596.681152343750
597.011718750000
597.338867187500
597.671386718750
598.002441406250
598.333984375000
598.669433593750
599.002929687500
599.338378906250
599.673339843750
600.007812500000
600.337402343750
600.666503906250
600.994628906250
601.292630144510
601.658691406250
601.990065027883
602.324707031250
602.656250000000
602.994140625000
603.326660156250
603.660156250000
603.992187500000
604.320800781250
604.650390625000
604.980468750000
605.309570312500
605.640625000000
605.977539062500
606.313476562500
606.650390625000
606.981445312500
607.316894531250
607.646972656250
607.973144531250
608.304199218750
608.630859375000
608.967285156250
609.298339843750
609.630859375000
609.964843750000
610.305664062500
610.636230468750
610.967285156250
611.299804687500
611.623046875000
611.954589843750
612.286132812500
612.615234375000
612.943359375000
613.279785156250
613.611816406250
613.944824218750
614.277343750000
614.613281250000
614.938964843750
615.267089843750
615.595703125000
615.925292968750
616.253906250000
616.587402343750
616.919921875000
617.252929687500
617.586914062500
617.916015625000
618.243164062500
618.569335937500
618.900390625000
619.229003906250
619.558593750000
619.891113281250
620.222656250000
620.557617187500
620.885742187500
621.216796875000
621.542480468750
621.867675781250
622.196777343750
622.524414062500
622.855468750000
623.185058593750
623.519531250000
623.851562500000
624.182128906250
624.509765625000
624.832519531250
625.159179687500
625.457031250000
625.816406250000
626.121093750000
626.478515625000
626.808105468750
627.142578125000
627.470703125000
627.794433593750
628.118652343750
628.410156250000
628.777343750000
629.104003906250
629.437011718750
629.767089843750
630.101074218750
630.427246093750
630.753906250000
631.078613281250
631.375000000000
631.734375000000
632.062500000000
632.392089843750
632.723632812500
633.056640625000
633.384765625000
633.715820312500
634.041015625000
634.337890625000
634.695800781250
634.994140625000
635.348632812500
635.677246093750
636.012207031250
636.340332031250
636.667968750000
636.994140625000
637.317871093750
637.643554687500
637.971191406250
638.295898437500
638.625000000000
638.954101562500
639.281250000000
639.613281250000
639.944335937500
640.269042968750
640.594238281250
640.917968750000
641.246093750000
641.573242187500
641.903320312500
642.230468750000
642.565429687500
642.893066406250
643.221191406250
643.550781250000
643.875488281250
644.201660156250
644.503906250000
644.857421875000
645.183593750000
645.512695312500
645.841308593750
646.174316406250
646.501464843750
646.831542968750
647.156250000000
647.479492187500
647.805175781250
648.097656250000
648.457519531250
648.781250000000
649.113281250000
649.440429687500
649.769531250000
650.064941406250
650.424316406250
650.744628906250
651.067382812500
651.394042968750
651.686035156250
652.041992187500
652.370117187500
652.699707031250
653.026367187500
653.355957031250
653.678222656250
654.001953125000
654.324218750000
654.648437500000
654.973632812500
655.298339843750
655.627441406250
655.952636718750
656.277343750000
656.599609375000
656.919921875000
657.242675781250
657.566406250000
657.887695312500
658.214355468750
658.541503906250
658.869628906250
659.199218750000
659.495605468750
659.839843750000
660.158203125000
660.486328125000
660.808105468750
661.133789062500
661.462890625000
661.782714843750
662.117187500000
662.444335937500
662.765625000000
663.088378906250
663.410644531250
663.737304687500
664.062500000000
664.390625000000
664.716308593750
665.048339843750
665.370605468750
665.697265625000
666.020019531250
666.340820312500
666.666992187500
666.992187500000
667.319824218750
667.644531250000
667.979492187500
668.302734375000
668.628906250000
668.948242187500
669.275390625000
669.597167968750
669.921875000000
670.246582031250
670.539062500000
670.900390625000
671.226562500000
671.551757812500
671.877441406250
672.199218750000
672.521484375000
672.816406250000
673.171875000000
673.496093750000
673.821289062500
674.146484375000
674.475097656250
674.798339843750
675.121582031250
675.440917968750
675.761718750000
676.083984375000
676.377929687500
676.731933593750
677.058593750000
677.386230468750
677.708496093750
678.031738281250
678.354003906250
678.670410156250
678.994140625000
679.277343750000
679.637207031250
679.952407098290
680.288574218750