0.0220000000000000
0.383500000000000
0.762500000000000
1.17650000000000
1.61000000000000
2.02000000000000
2.40400000000000
2.78000000000000
3.16800000000000
3.54800000000000
3.90200000000000
4.28000000000000
4.63050000000000
4.96850000000000
5.30550000000000
5.64200000000000
5.96650000000000
6.29600000000000
6.62050000000000
6.94550000000000
7.26600000000000
7.59600000000000
7.92850000000000
8.25900000000000
8.58200000000000
8.90150000000000
9.21650000000000
9.52800000000000
9.84000000000000
10.1455000000000
10.4520000000000
10.7530000000000
11.0560000000000
11.3525000000000
11.6480000000000
11.9330000000000
12.2165000000000
12.4980000000000
12.7835000000000
13.0680000000000
13.3455000000000
13.6240000000000
13.8940000000000
14.1650000000000
14.4360000000000
14.7020000000000
14.9685000000000
15.2340000000000
15.4970000000000
15.7560000000000
16.0180000000000
16.2830000000000
16.5535000000000
16.8320000000000
17.1020000000000
17.3840000000000
17.6620000000000
17.9525000000000
18.2360000000000
18.5200000000000
18.8040000000000
19.1080000000000
19.4340000000000
19.7615000000000
20.0800000000000
20.3960000000000
20.7120000000000
21.0290000000000
21.3520000000000
21.6600000000000
21.9900000000000
22.3290000000000
22.6720000000000
22.9920000000000
23.3080000000000
23.6205000000000
23.9375000000000
24.2780000000000
24.6080000000000
24.9345000000000
25.2540000000000
25.5700000000000
25.8915000000000
26.2180000000000
26.5455000000000
26.8705000000000
27.2070000000000
27.5475000000000
27.8745000000000
28.2030000000000
28.5350000000000
28.8690000000000
29.1960000000000
29.5215000000000
29.8545000000000
30.1895000000000
30.5305000000000
30.8655000000000
31.2080000000000
31.5450000000000
31.8760000000000
32.1930000000000
32.5100000000000
32.8200000000000
33.1330000000000
33.4420000000000
33.7500000000000
34.0565000000000
34.3620000000000
34.6720000000000
34.9840000000000
35.3000000000000
35.6155000000000
35.9360000000000
36.2515000000000
36.5610000000000
36.8680000000000
37.1765000000000
37.4800000000000
37.7830000000000
38.0795000000000
38.3700000000000
38.6520000000000
38.9450000000000
39.2435000000000
39.5460000000000
39.8495000000000
40.1625000000000
40.4595000000000
40.7500000000000
41.0400000000000
41.3315000000000
41.6185000000000
41.9060000000000
42.1940000000000
42.4875000000000
42.7840000000000
43.0815000000000
43.3755000000000
43.6760000000000
43.9745000000000
44.2725000000000
44.5680000000000
44.8590000000000
45.1530000000000
45.4515000000000
45.7550000000000
46.0565000000000
46.3510000000000
46.6400000000000
46.9295000000000
47.2230000000000
47.5185000000000
47.8115000000000
48.0965000000000
48.3780000000000
48.6600000000000
48.9470000000000
49.2370000000000
49.5275000000000
49.8150000000000
50.0980000000000
50.3825000000000
50.6720000000000
50.9625000000000
51.2570000000000
51.5485000000000
51.8320000000000
52.1160000000000
52.4010000000000
52.6895000000000
52.9760000000000
53.2595000000000
53.5405000000000
53.8240000000000
54.1085000000000
54.3920000000000
54.6720000000000
54.9485000000000
55.2255000000000
55.5020000000000
55.7835000000000
56.0705000000000
56.3590000000000
56.6405000000000
56.9200000000000
57.1925000000000
57.4680000000000
57.7475000000000
58.0335000000000
58.3275000000000
58.6175000000000
58.9035000000000
59.1860000000000
59.4830000000000
59.7820000000000
60.0820000000000
60.3785000000000
60.6680000000000
60.9520000000000
61.2350000000000
61.5180000000000
61.7980000000000
62.0755000000000
62.3490000000000
62.6280000000000
62.9050000000000
63.1900000000000
63.4780000000000
63.7640000000000
64.0495000000000
64.3435000000000
64.6425000000000
64.9445000000000
65.2365000000000
65.5400000000000
65.8460000000000
66.1560000000000
66.4670000000000
66.7635000000000
67.0505000000000
67.3300000000000
67.6120000000000
67.8955000000000
68.1810000000000
68.4630000000000
68.7460000000000
69.0295000000000
69.3120000000000
69.6065000000000
69.9035000000000
70.2075000000000
70.5190000000000
70.8240000000000
71.1240000000000
71.4255000000000
71.7370000000000
72.0520000000000
72.3565000000000
72.6540000000000
72.9480000000000
73.2390000000000
73.5310000000000
73.8195000000000
74.1070000000000
74.3925000000000
74.6810000000000
74.9770000000000
75.2890000000000
75.6120000000000
75.9100000000000
76.2010000000000
76.4855000000000
76.7715000000000
77.0535000000000
77.3440000000000
77.6350000000000
77.9170000000000
78.1965000000000
78.4755000000000
78.7500000000000
79.0250000000000
79.3020000000000
79.5845000000000
79.8695000000000
80.1550000000000
80.4340000000000
80.7200000000000
81.0090000000000
81.3035000000000
81.5920000000000
81.8835000000000
82.1810000000000
82.4760000000000
82.7630000000000
83.0480000000000
83.3275000000000
83.6100000000000
83.8885000000000
84.1660000000000
84.4380000000000
84.7180000000000
85.0020000000000
85.2855000000000
85.5640000000000
85.8370000000000
86.1040000000000
86.3685000000000
86.6400000000000
86.9150000000000
87.1960000000000
87.4800000000000
87.7560000000000
88.0320000000000
88.3070000000000
88.5880000000000
88.8805000000000
89.1735000000000
89.4635000000000
89.7585000000000
90.0540000000000
90.3475000000000
90.6375000000000
90.9280000000000
91.2140000000000
91.4970000000000
91.7800000000000
92.0635000000000
92.3460000000000
92.6245000000000
92.9000000000000
93.1730000000000
93.4480000000000
93.7280000000000
94.0085000000000
94.2920000000000
94.5750000000000
94.8625000000000
95.1470000000000
95.4280000000000
95.7000000000000
95.9680000000000
96.2245000000000
96.4930000000000
96.7620000000000
97.0285000000000
97.2900000000000
97.5495000000000
97.8100000000000
98.0735000000000
98.3410000000000
98.6125000000000
98.8765000000000
99.1380000000000
99.4120000000000
99.6565000000000
99.9210000000000
100.188500000000
100.456000000000
100.717000000000
100.980000000000
101.240000000000
101.502500000000
101.771000000000
102.032000000000
102.293000000000
102.552000000000
102.809000000000
103.066000000000
103.320500000000
103.577500000000
103.828000000000
104.076500000000
104.324000000000
104.567000000000
104.812000000000
105.059500000000
105.313000000000
105.567000000000
105.819000000000
106.068000000000
106.315000000000
106.560500000000
106.806000000000
107.049000000000
107.295500000000
107.540000000000
107.787000000000
108.034000000000
108.282000000000
108.528500000000
108.773500000000
109.018000000000
109.263000000000
109.508000000000
109.756000000000
110.004000000000
110.256500000000
110.505467382475
110.750000000000
110.996000000000
111.242000000000
111.489000000000
111.736000000000
111.985000000000
112.232000000000
112.476000000000
112.720000000000
112.963500000000
113.202000000000
113.445000000000
113.686000000000
113.927500000000
114.166000000000
114.404000000000
114.640500000000
114.880000000000
115.120500000000
115.360000000000
115.598000000000
115.836000000000
116.073000000000
116.310000000000
116.548000000000
116.788000000000
117.024000000000
117.262000000000
117.502000000000
117.744000000000
117.984000000000
118.227500000000
118.476000000000
118.722500000000
118.969000000000
119.212000000000
119.456000000000
119.705000000000
119.951000000000
120.198500000000
120.444000000000
120.690500000000
120.938000000000
121.184000000000
121.432000000000
121.680500000000
121.928000000000
122.179000000000
122.426000000000
122.669500000000
122.912000000000
123.157500000000
123.402000000000
123.641500000000
123.887000000000
124.132000000000
124.377500000000
124.620000000000
124.859500000000
125.102000000000
125.343000000000
125.586000000000
125.828000000000
126.068000000000
126.308000000000
126.548000000000
126.792500000000
127.036000000000
127.283500000000
127.526000000000
127.768000000000
128.014500000000
128.257500000000
128.499500000000
128.740000000000
128.980000000000
129.222000000000
129.463000000000
129.702000000000
129.941500000000
130.183500000000
130.423500000000
130.664000000000
130.905500000000
131.147000000000
131.388000000000
131.628000000000
131.864500000000
132.106000000000
132.344000000000
132.580000000000
132.816000000000
133.052000000000
133.288000000000
133.522500000000
133.754000000000
133.988000000000
134.220000000000
134.456500000000
134.690000000000
134.924500000000
135.160000000000
135.392000000000
135.627500000000
135.860000000000
136.091500000000
136.324000000000
136.556000000000
136.791000000000
137.026000000000
137.264000000000
137.500000000000
137.740000000000
137.979500000000
138.218000000000
138.454000000000
138.691500000000
138.932000000000
139.172000000000
139.408000000000
139.646000000000
139.880000000000
140.116500000000
140.350000000000
140.586000000000
140.820000000000
141.052000000000
141.288000000000
141.518000000000
141.746500000000
141.976000000000
142.204000000000
142.435500000000
142.664000000000
142.896000000000
143.124000000000
143.352000000000
143.578000000000
143.809000000000
144.036000000000
144.264000000000
144.490000000000
144.718000000000
144.946000000000
145.176000000000
145.404000000000
145.630000000000
145.858500000000
146.084000000000
146.308000000000
146.532000000000
146.758000000000
146.988000000000
147.216000000000
147.444000000000
147.669500000000
147.896000000000
148.124000000000
148.350000000000
148.578000000000
148.807000000000
149.036000000000
149.272000000000
149.504000000000
149.738000000000
149.971000000000
150.204000000000
150.436000000000
150.664000000000
150.894000000000
151.122500000000
151.354000000000
151.586000000000
151.818500000000
152.050000000000
152.278000000000
152.508000000000
152.736000000000
152.962000000000
153.188000000000
153.416000000000
153.642000000000
153.870000000000
154.096000000000
154.322000000000
154.548000000000
154.774000000000
154.997000000000
155.220000000000
155.440000000000
155.662000000000
155.885500000000
156.110000000000
156.332000000000
156.556000000000
156.780000000000
157.004000000000
157.228000000000
157.450000000000
157.670000000000
157.892000000000
158.112000000000
158.333500000000
158.554000000000
158.772000000000
158.989500000000
159.210000000000
159.426000000000
159.644000000000
159.862000000000
160.079350679288
160.296000000000
160.514000000000
160.728000000000
160.942000000000
161.156000000000
161.371000000000
161.584945796277
161.800000000000
162.036000000000
162.228000000000
162.441500000000
162.654000000000
162.866000000000
163.078000000000
163.286500000000
163.498000000000
163.710000000000
163.922000000000
164.132000000000
164.343000000000
164.554000000000
164.764000000000
164.972000000000
165.180500000000
165.392000000000
165.604000000000
165.812000000000
166.022000000000
166.231500000000
166.442000000000
166.650500000000
166.860000000000
167.066000000000
167.276000000000
167.486000000000
167.693500000000
167.900000000000
168.108000000000
168.312000000000
168.521000000000
168.728000000000
168.936000000000
169.142000000000
169.348000000000
169.554000000000
169.761500000000
169.968000000000
170.174000000000
170.380000000000
170.584000000000
170.790000000000
170.997000000000
171.202000000000
171.406000000000
171.578717707237
171.816000000000
172.020000000000
172.230000000000
172.435500000000
172.640000000000
172.844000000000
173.048000000000
173.252000000000
173.479500000000
173.662000000000
173.866000000000
174.070000000000
174.272000000000
174.476500000000
174.680000000000
174.882000000000
175.088000000000
175.288000000000
175.492000000000
175.696500000000
175.900000000000
176.100000000000
176.302000000000
176.505500000000
176.732000000000
176.912000000000
177.116000000000
177.318000000000
177.518000000000
177.720000000000
177.924000000000
178.126000000000
178.330000000000
178.530500000000
178.734000000000
178.936000000000
179.150000000000
179.336000000000
179.539299606056
179.740000000000
179.944000000000
180.144000000000
180.346000000000
180.546500000000
180.748000000000
180.948000000000
181.154000000000
181.356000000000
181.560000000000
181.763000000000
181.968000000000
182.170000000000
182.372000000000
182.572000000000
182.772000000000
182.976000000000
183.178000000000
183.380000000000
183.582000000000
183.782000000000
183.985500000000
184.186000000000
184.388000000000
184.588000000000
184.786000000000
184.988000000000
185.190000000000
185.394000000000
185.595500000000
185.796000000000
185.998000000000
186.198000000000
186.400000000000
186.597500000000
186.812000000000
186.994000000000
187.196000000000
187.396000000000
187.594000000000
187.792000000000
187.990000000000
188.188000000000
188.386000000000
188.584000000000
188.782000000000
188.976992389921
189.176000000000
189.374500000000
189.574000000000
189.768000000000
189.964000000000
190.160000000000
190.356000000000
190.552000000000
190.750000000000
190.944000000000
191.140500000000
191.334000000000
191.528000000000
191.724000000000
191.920000000000
192.116000000000
192.312000000000
192.506000000000
192.704000000000
192.896000000000
193.092000000000
193.288000000000
193.479838470823
193.676500000000
193.872000000000
194.066000000000
194.260000000000
194.454000000000
194.645500000000
194.840000000000
195.036000000000
195.230000000000
195.424000000000
195.616000000000
195.812000000000
196.004500000000
196.200000000000
196.394000000000
196.604000000000
196.784000000000
196.978000000000
197.176000000000
197.369500000000
197.566000000000
197.764000000000
197.974000000000
198.156000000000
198.352000000000
198.552000000000
198.748000000000
198.946000000000
199.142000000000
199.340000000000
199.534000000000
199.734000000000
199.934000000000
200.132000000000
200.330000000000
200.526500000000
200.724000000000
200.924000000000
201.120000000000
201.320000000000
201.519404180468
201.714724628078
201.914000000000
202.116000000000
202.314000000000
202.512000000000
202.710000000000
202.905261451605
203.106000000000
203.304040698807
203.508000000000
203.706889122002
203.902209569611
204.106000000000
204.300988816813
204.504447616406
204.700000000000
204.900000000000
205.100000000000
205.302000000000
205.499663992324
205.699053615925
205.905000000000
206.106000000000
206.306000000000
206.504000000000
206.704000000000
206.903529709516
207.108000000000
207.310447308703
207.506500000000
207.709226555905
207.908000000000
208.108000000000
208.302596233850
208.502000000000
208.696000000000
208.898500000000
209.096085552263
209.292000000000
209.492000000000
209.688000000000
209.884000000000
210.096000000000
210.274000000000
210.471000000000
210.668000000000
210.866000000000
211.060000000000
211.256000000000
211.452000000000
211.648000000000
211.858500000000
212.040437228282
212.231688499900
212.428000000000
212.624000000000
212.818000000000
213.012000000000
213.202000000000
213.397000000000
213.592000000000
213.786000000000
213.980000000000
214.172000000000
214.366500000000
214.560000000000
214.754000000000
214.944097144383
215.136000000000
215.330000000000
215.520000000000
215.716000000000
215.908000000000
216.100000000000
216.292000000000
216.482000000000
216.676000000000
216.868000000000
217.060068660151
217.250000000000
217.446000000000
217.638000000000
217.830000000000
218.020000000000
218.212000000000
218.408000000000
218.600000000000
218.790000000000
218.984000000000
219.175000000000
219.364000000000
219.558000000000
219.750000000000
219.942000000000
220.132000000000
220.324000000000
220.513500000000
220.704000000000
220.896000000000
221.104000000000
221.280000000000
221.470000000000
221.664000000000
221.854000000000
222.068000000000
222.238000000000
222.427917485232
222.622000000000
222.814000000000
223.008000000000
223.200500000000
223.392000000000
223.584000000000
223.778000000000
223.972000000000
224.166000000000
224.360000000000
224.552000000000
224.748000000000
224.940000000000
225.134000000000
225.326000000000
225.511956853657
225.711000000000
225.902597748875
226.097918196485
226.292000000000
226.482000000000
226.673500000000
226.868000000000
227.060000000000
227.276000000000
227.444000000000
227.636066721408
227.827317993026
228.022000000000
228.216000000000
228.406000000000
228.598729689391
228.788000000000
228.982000000000
229.172483504244
229.368000000000
229.560000000000
229.751000000000
229.944000000000
230.136000000000
230.324000000000
230.516000000000
230.706000000000
230.898000000000
231.089000000000
231.282654101932
231.470000000000
231.661087469175
231.856000000000
232.046000000000
232.238000000000
232.430000000000
232.622000000000
232.813500000000
233.006000000000
233.200000000000
233.390000000000
233.582000000000
233.776000000000
233.972000000000
234.164000000000
234.356000000000
234.548000000000
234.740000000000
234.934000000000
235.126293672152
235.316000000000
235.506000000000
235.700000000000
235.890000000000
236.080000000000
236.270000000000
236.458000000000
236.651000000000
236.840000000000
237.032000000000
237.220500000000
237.410000000000
237.600000000000
237.812000000000
237.978000000000
238.164236395985
238.360000000000
238.548000000000
238.738000000000
238.927000000000
239.118000000000
239.308000000000
239.498926121315
239.690000000000
239.880000000000
240.070000000000
240.260500000000
240.450000000000
240.640000000000
240.828000000000
241.018000000000
241.208000000000
241.396000000000
241.588000000000
241.774000000000
241.966500000000
242.156000000000
242.344000000000
242.528000000000
242.720000000000
242.908000000000
243.098000000000
243.286000000000
243.472000000000
243.663500000000
243.852000000000
244.040000000000
244.225848590124
244.414000000000
244.604000000000
244.792000000000
244.983000000000
245.188000000000
245.362000000000
245.552000000000
245.743500000000
245.932000000000
246.122000000000
246.309500000000
246.502000000000
246.692000000000
246.898000000000
247.072000000000
247.262121846975
247.452000000000
247.642000000000
247.830000000000
248.020000000000
248.208000000000
248.399500000000
248.592000000000
248.782000000000
248.979314115541
249.160000000000
249.353678306792
249.542500000000
249.732000000000
249.920000000000
250.108000000000
250.298000000000
250.489000000000
250.680000000000
250.870000000000
251.028000000000
251.250000000000
251.440000000000
251.628000000000
251.820000000000
252.006000000000
252.197000000000
252.388000000000
252.580000000000
252.786000000000
252.960000000000
253.154000000000
253.345500000000
253.534000000000
253.726000000000
253.916000000000
254.104000000000
254.296000000000
254.488000000000
254.679500000000
254.860880840817
255.062000000000
255.251521736036
255.444000000000
255.634024279271
255.824000000000
256.012500000000
256.202000000000
256.392000000000
256.582000000000
256.774000000000
256.959845635751
257.152500000000
257.342348178986
257.532000000000
257.718000000000
257.908000000000
258.094000000000
258.282000000000
258.472000000000
258.664000000000
258.852000000000
259.039194567592
259.228000000000
259.418000000000
259.605500000000
259.794000000000
259.982000000000
260.168000000000
260.358000000000
260.548000000000
260.736000000000
260.925500000000
261.111073114372
261.300000000000
261.490000000000
261.678000000000
261.866000000000
262.056000000000
262.241000000000
262.432000000000
262.620000000000
262.824000000000
262.996000000000
263.184000000000
263.372000000000
263.560000000000
263.748000000000
263.936000000000
264.124000000000
264.310000000000
264.498000000000
264.686500000000
264.872000000000
265.060000000000
265.244000000000
265.431500000000
265.618000000000
265.806000000000
265.994000000000
266.196000000000
266.368000000000
266.556298558405
266.745000000000
266.932000000000
267.118000000000
267.306000000000
267.496000000000
267.684000000000
267.871310370698
268.059500000000
268.250000000000
268.438000000000
268.640000000000
268.814000000000
269
269.187500000000
269.376000000000
269.562000000000
269.748000000000
269.938000000000
270.124000000000
270.314000000000
270.500500000000
270.686000000000
270.876000000000
271.062000000000
271.248000000000
271.434000000000
271.620000000000
271.809500000000
271.998000000000
272.186000000000
272.388000000000
272.560000000000
272.750000000000
272.938000000000
273.124000000000
273.357000000000
273.500000000000
273.686000000000
273.876000000000
274.061132746135
274.254000000000
274.443635289370
274.628500000000
274.820000000000
275.006000000000
275.196432847864
275.380000000000
275.568000000000
275.756000000000
275.944500000000
276.132000000000
276.320000000000
276.502638341252
276.694000000000
276.881071708495
277.068000000000
277.252000000000
277.436500000000
277.624000000000
277.812000000000
277.996000000000
278.180000000000
278.368000000000
278.554000000000
278.740000000000
278.940000000000
279.110000000000
279.296000000000
279.480000000000
279.664000000000
279.848000000000
280.030500000000
280.216000000000
280.400000000000
280.584000000000
280.768000000000
280.952000000000
281.134000000000
281.320000000000
281.505500000000
281.688000000000
281.872000000000
282.056000000000
282.240000000000
282.420000000000
282.604000000000
282.784000000000
282.968000000000
283.150000000000
283.336000000000
283.518000000000
283.700000000000
283.884000000000
284.068000000000
284.251500000000
284.434339749559
284.616000000000
284.798000000000
284.980000000000
285.162000000000
285.344000000000
285.526500000000
285.710000000000
285.892000000000
286.072000000000
286.258000000000
286.442000000000
286.627000000000
286.808000000000
286.992000000000
287.176000000000
287.359500000000
287.542000000000
287.726000000000
287.907500000000
288.090000000000
288.272000000000
288.456000000000
288.636000000000
288.820000000000
289.003500000000
289.188000000000
289.370000000000
289.552000000000
289.736000000000
289.920000000000
290.104500000000
290.287422242893
290.470000000000
290.654000000000
290.836000000000
291.018000000000
291.200000000000
291.381000000000
291.562000000000
291.744000000000
291.926000000000
292.106000000000
292.287000000000
292.468000000000
292.652000000000
292.834000000000
293.013040140573
293.196000000000
293.378000000000
293.562000000000
293.742000000000
293.924500000000
294.106000000000
294.286000000000
294.468000000000
294.648000000000
294.828000000000
295.006000000000
295.186000000000
295.366000000000
295.544000000000
295.726000000000
295.906000000000
296.088000000000
296.265500000000
296.446000000000
296.624000000000
296.806000000000
296.987000000000
297.168000000000
297.348000000000
297.525026298680
297.706000000000
297.886000000000
298.064000000000
298.242000000000
298.391760784947
298.600000000000
298.777000000000
298.958000000000
299.136000000000
299.317000000000
299.494000000000
299.674000000000
299.852000000000
300.031500000000
300.210000000000
300.388000000000
300.566000000000
300.746000000000
300.922500000000
301.100000000000
301.278000000000
301.456000000000
301.635000000000
301.812000000000
301.992500000000
302.172000000000
302.351000000000
302.530780735592
302.706000000000
302.886000000000
303.063500000000
303.244000000000
303.420000000000
303.600000000000
303.776500000000
303.954000000000
304.132000000000
304.310000000000
304.488000000000
304.663500000000
304.840000000000
305.022000000000
305.200000000000
305.379500000000
305.554846464468
305.736000000000
305.914000000000
306.093500000000
306.271021439035
306.448000000000
306.628000000000
306.805000000000
306.982000000000
307.158000000000
307.335500000000
307.514000000000
307.693000000000
307.872000000000
308.050500000000
308.226563349033
308.406000000000
308.584000000000
308.763500000000
308.940000000000
309.120000000000
309.296000000000
309.476000000000
309.652500000000
309.830000000000
310.012000000000
310.190000000000
310.370500000000
310.562000000000
310.726000000000
310.904749118600
311.084000000000
311.262000000000
311.440500000000
311.616854917176
311.796000000000
311.974500000000
312.152000000000
312.332000000000
312.510000000000
312.690000000000
312.866091946677
313.047000000000
313.228248609953
313.405500000000
313.584604355148
313.760000000000
313.940000000000
314.117500000000
314.296000000000
314.472000000000
314.650000000000
314.827000000000
315.004000000000
315.184000000000
315.361000000000
315.538000000000
315.715500000000
315.894000000000
316.072000000000
316.264000000000
316.426000000000
316.602000000000
316.780000000000
316.957000000000
317.132000000000
317.308000000000
317.486000000000
317.662000000000
317.838000000000
318.015000000000
318.192000000000
318.370000000000
318.546000000000
318.722500000000
318.889078106447
319.076000000000
319.252000000000
319.430000000000
319.606000000000
319.782000000000
319.956000000000
320.132000000000
320.308500000000
320.484000000000
320.660000000000
320.836000000000
321.010000000000
321.181693882009
321.362000000000
321.538000000000
321.715500000000
321.890000000000
322.065000000000
322.242000000000
322.418000000000
322.594000000000
322.770000000000
322.946000000000
323.122000000000
323.296000000000
323.471000000000
323.646000000000
323.822000000000
323.998000000000
324.188000000000
324.346000000000
324.522000000000
324.700000000000
324.876000000000
325.052500000000
325.227122784842
325.404000000000
325.580000000000
325.755500000000
325.927021055442
326.104000000000
326.280000000000
326.455500000000
326.632000000000
326.808000000000
326.984000000000
327.151843028992
327.336000000000
327.512000000000
327.688000000000
327.862000000000
328.040000000000
328.215629930119
328.388500000000
328.564000000000
328.742000000000
328.916000000000
329.044000000000
329.266000000000
329.444000000000
329.620000000000
329.796000000000
329.972000000000
330.189000000000
330.324000000000
330.500000000000
330.675500000000
330.850000000000
331.028000000000
331.201675091278
331.378000000000
331.554000000000
331.732000000000
331.908000000000
332.086000000000
332.260000000000
332.440000000000
332.617500000000
332.794000000000
332.970000000000
333.146000000000
333.322000000000
333.498000000000
333.673000000000
333.848000000000
334.038000000000
334.198000000000
334.374000000000
334.551000000000
334.726000000000
334.904000000000
335.078000000000
335.254000000000
335.430000000000
335.607000000000
335.784000000000
335.956000000000
336.132000000000
336.308000000000
336.484000000000
336.657000000000
336.832000000000
337.008000000000
337.180000000000
337.356000000000
337.532000000000
337.708000000000
337.882000000000
338.054000000000
338.232000000000
338.408000000000
338.584000000000
338.760000000000
338.935500000000
339.110087719070
339.284000000000
339.460000000000
339.637000000000
339.810000000000
339.984000000000
340.162000000000
340.335000000000
340.510000000000
340.684000000000
340.858000000000
341.032000000000
341.205000000000
341.380000000000
341.556000000000
341.732000000000
341.904500000000
342.078000000000
342.254000000000
342.430000000000
342.604500000000
342.780088430323
342.959132173965
343.130037565623
343.302000000000
343.478000000000
343.651500000000
343.824000000000
343.998500000000
344.174000000000
344.347500000000
344.520000000000
344.694000000000
344.866500000000
345.042000000000
345.216000000000
345.390000000000
345.565000000000
345.736000000000
345.911500000000
346.088000000000
346.262500000000
346.436000000000
346.609000000000
346.784000000000
346.955500000000
347.130000000000
347.303000000000
347.476000000000
347.648000000000
347.822500000000
347.998000000000
348.172500000000
348.347000000000
348.520000000000
348.727500000000
348.868000000000
349.038419055861
349.215500000000
349.388000000000
349.562000000000
349.735000000000
349.908000000000
350.084500000000
350.260000000000
350.435500000000
350.609120988720
350.782500000000
350.955000948028
351.133500000000
351.308000000000
351.482500000000
351.654899218628
351.830000000000
352.004118337061
352.179500000000
352.349998296369
352.528500000000
352.704016607661
352.874921999319
353.051500000000
353.228940310611
353.403000000000
353.574820269920
353.749794837570
353.928838581212
354.099743972870
354.278787716512
354.452000000000
354.628736851812
354.804500000000
354.978685987112
355.149591378770
355.323500000000
355.500000000000
355.675500000000
355.848759632503
356.022000000000
356.198000000000
356.372500000000
356.546000000000
356.720000000000
356.894000000000
357.066000000000
357.240000000000
357.416000000000
357.590000000000
357.764000000000
357.936000000000
358.112000000000
358.287500000000
358.460000000000
358.632000000000
358.808000000000
358.981000000000
359.154000000000
359.328000000000
359.500000000000
359.672000000000
359.847500000000
360.022000000000
360.196500000000
360.370000000000
360.540000000000
360.716000000000
360.892000000000
361.066000000000
361.238000000000
361.410000000000
361.584500000000
361.756000000000