0.179687500000000
0.785156250000000
1.39111328125000
2.03076171875000
2.70361328125000
3.38281250000000
4.04541015625000
4.71972656250000
5.39843750000000
6.07031250000000
6.72900390625000
7.37304687500000
7.99853515625000
8.61035156250000
9.22656250000000
9.84082031250000
10.4516601562500
11.0483398437500
11.6337890625000
12.2192382812500
12.8012695312500
13.3818359375000
13.9604492187500
14.5385742187500
15.1152343750000
15.6953125000000
16.2705078125000
16.8398437500000
17.4140625000000
17.9804687500000
18.5556640625000
19.1254882812500
19.6962890625000
20.2626953125000
20.8281250000000
21.3823242187500
21.9370117187500
22.4931640625000
23.0449218750000
23.5903320312500
24.1357421875000
24.6748046875000
25.2124023437500
25.7529296875000
26.2910156250000
26.8217773437500
27.3515625000000
27.8779296875000
28.3984375000000
28.9145507812500
29.4277343750000
29.9389648437500
30.4531250000000
30.9609375000000
31.4702148437500
31.9824218750000
32.4916992187500
33.0014648437500
33.5166015625000
34.0327148437500
34.5468750000000
35.0703125000000
35.5927734375000
36.1176757812500
36.6469726562500
37.1791992187500
37.7128906250000
38.2485351562500
38.7812500000000
39.3061523437500
39.8354492187500
40.3618164062500
40.8901367187500
41.4213867187500
41.9511718750000
42.4858398437500
43.0195312500000
43.5541992187500
44.0976562500000
44.6542968750000
45.1997070312500
45.7460937500000
46.2905273437500
46.8354492187500
47.3789062500000
47.9223632812500
48.4677734375000
49.0083007812500
49.5424804687500
50.0761718750000
50.6088867187500
51.1406250000000
51.6757812500000
52.2089843750000
52.7412109375000
53.2695312500000
53.7973632812500
54.3295898437500
54.8564453125000
55.3764648437500
55.8994140625000
56.4150390625000
56.9248046875000
57.4335937500000
57.9477539062500
58.4614257812500
58.9770507812500
59.4936523437500
60.0195312500000
60.5561523437500
61.1025390625000
61.6469726562500
62.2031250000000
62.7592773437500
63.3090820312500
63.8593750000000
64.4082031250000
64.9609375000000
65.5068359375000
66.0454101562500
66.5834960937500
67.1176757812500
67.6484375000000
68.1694335937500
68.6884765625000
69.2114257812500
69.7373046875000
70.2651367187500
70.7905273437500
71.3237304687500
71.8686523437500
72.4160156250000
72.9643554687500
73.5166015625000
74.0786132812500
74.6313476562500
75.1791992187500
75.7250976562500
76.2602539062500
76.7895507812500
77.3237304687500
77.8520507812500
78.3759765625000
78.9062500000000
79.4335937500000
79.9619140625000
80.4916992187500
81.0175781250000
81.5478515625000
82.0727539062500
82.5947265625000
83.1142578125000
83.6279296875000
84.1425781250000
84.6640625000000
85.1879882812500
85.7148437500000
86.2392578125000
86.7646484375000
87.2836914062500
87.8120117187500
88.3447265625000
88.8740234375000
89.3989257812500
89.9238281250000
90.4438476562500
90.9594726562500
91.4697265625000
91.9765625000000
92.4775390625000
92.9794921875000
93.4814453125000
93.9829101562500
94.4892578125000
95.0009765625000
95.5039062500000
96.0092773437500
96.5092773437500
97.0092773437500
97.5092773437500
98.0068359375000
98.5004882812500
98.9936523437500
99.4858398437500
99.9799804687500
100.476074218750
100.967773437500
101.463867187500
101.962402343750
102.458984375000
102.947753906250
103.437988281250
103.925292968750
104.412597656250
104.897949218750
105.384765625000
105.867187500000
106.353515625000
106.836914062500
107.321777343750
107.808105468750
108.296875000000
108.781738281250
109.265625000000
109.749511718750
110.234375000000
110.712890625000
111.195800781250
111.672851562500
112.149414062500
112.627929687500
113.103515625000
113.582519531250
114.059082031250
114.535644531250
115.012207031250
115.489746093750
115.966796875000
116.445312500000
116.924804687500
117.403808593750
117.883789062500
118.365722656250
118.849609375000
119.329589843750
119.804687500000
120.289062500000
120.767089843750
121.244140625000
121.722656250000
122.204101562500
122.680175781250
123.154785156250
123.625000000000
124.104492187500
124.577148437500
125.047363281250
125.522460937500
125.997558593750
126.467773437500
126.937988281250
127.406738281250
127.876953125000
128.346679687500
128.819335937500
129.289062500000
129.758789062500
130.223632812500
130.687011718750
131.155273437500
131.621093750000
132.086914062500
132.558593750000
133.025390625000
133.491699218750
133.960937500000
134.427734375000
134.890625000000
135.353027343750
135.812988281250
136.274414062500
136.735839843750
137.195800781250
137.655761718750
138.117187500000
138.578613281250
139.041015625000
139.505371093750
139.969726562500
140.437011718750
140.905761718750
141.368652343750
141.833496093750
142.298339843750
142.764160156250
143.226562500000
143.688476562500
144.148925781250
144.615234375000
145.070312500000
145.536621093750
145.993652343750
146.456054687500
146.915527343750
147.369140625000
147.822265625000
148.281250000000
148.741699218750
149.204589843750
149.664062500000
150.125488281250
150.585449218750
151.046875000000
151.505371093750
151.958496093750
152.410156250000
152.865234375000
153.316894531250
153.770996093750
154.223632812500
154.671875000000
155.124511718750
155.570312500000
156.016601562500
156.457031250000
156.899902343750
157.343750000000
157.785156250000
158.227050781250
158.666015625000
159.108398437500
159.553222656250
159.992187500000
160.437011718750
160.876953125000
161.320312500000
161.767089843750
162.212402343750
162.661621093750
163.108886718750
163.554687500000
164.000488281250
164.450683593750
164.897460937500
165.344238281250
165.790039062500
166.235839843750
166.679687500000
167.121093750000
167.562500000000
168.000976562500
168.438476562500
168.875000000000
169.305664062500
169.741699218750
170.171875000000
170.606933593750
171.040039062500
171.471191406250
171.904785156250
172.336425781250
172.769531250000
173.207519531250
173.637207031250
174.070800781250
174.501464843750
174.937011718750
175.368164062500
175.802246093750
176.234863281250
176.670898437500
177.099609375000
177.535156250000
177.968750000000
178.399414062500
178.832519531250
179.264648437500
179.699218750000
180.132324218750
180.562500000000
180.991210937500
181.422851562500
181.854492187500
182.287597656250
182.714843750000
183.147460937500
183.578125000000
184.007812500000
184.439453125000
184.868652343750
185.296875000000
185.731445312500
186.159179687500
186.593261718750
187.022949218750
187.449218750000
187.883300781250
188.313476562500
188.744628906250
189.176757812500
189.604003906250
190.037597656250
190.465332031250
190.896484375000
191.322753906250
191.750976562500
192.181152343750
192.610351562500
193.040527343750
193.473632812500
193.898437500000
194.331054687500
194.763183593750
195.191406250000
195.625000000000
196.054687500000
196.486328125000
196.916992187500
197.348144531250
197.780273437500
198.207031250000
198.636718750000
199.066894531250
199.499023437500
199.933105468750
200.367187500000
200.802734375000
201.238281250000
201.673339843750
202.107421875000
202.539550781250
202.971679687500
203.407226562500
203.836914062500
204.271484375000
204.701171875000
205.132324218750
205.561523437500
205.988281250000
206.420410156250
206.851074218750
207.274902343750
207.705566406250
208.139648437500
208.569824218750
208.998046875000
209.422851562500
209.853027343750
210.282226562500
210.709960937500
211.141601562500
211.570800781250
212.000488281250
212.434570312500
212.865234375000
213.299316406250
213.735839843750
214.170898437500
214.609863281250
215.042480468750
215.479980468750
215.908691406250
216.343750000000
216.773925781250
217.200683593750
217.632324218750
218.056152343750
218.484375000000
218.911132812500
219.333007812500
219.757324218750
220.180175781250
220.603515625000
221.029296875000
221.453613281250
221.878906250000
222.303222656250
222.728027343750
223.154296875000
223.577636718750
224.000976562500
224.429199218750
224.852050781250
225.275878906250
225.701171875000
226.125000000000
226.550292968750
226.973144531250
227.397949218750
227.821777343750
228.247558593750
228.669921875000
229.095214843750
229.524902343750
229.953613281250
230.381835937500
230.809082031250
231.241699218750
231.666992187500
232.100585937500
232.525878906250
232.958007812500
233.386230468750
233.818359375000
234.249023437500
234.679687500000
235.109863281250
235.539550781250
235.965820312500
236.393066406250
236.820312500000
237.247070312500
237.669433593750
238.090332031250
238.510253906250
238.928710937500
239.344726562500
239.761718750000
240.177246093750
240.593261718750
241.008789062500
241.422851562500
241.836425781250
242.254882812500
242.673828125000
243.092285156250
243.507324218750
243.924316406250
244.344238281250
244.763671875000
245.180175781250
245.597656250000
246.020019531250
246.440429687500
246.862792968750
247.283203125000
247.703125000000
248.126953125000
248.547851562500
248.971191406250
249.391601562500
249.808593750000
250.228027343750
250.647949218750
251.069824218750
251.486816406250
251.902343750000
252.314453125000
252.727050781250
253.141601562500
253.552734375000
253.964355468750
254.371093750000
254.783203125000
255.195312500000
255.608398437500
256.015625000000
256.428222656250
256.835937500000
257.244628906250
257.656250000000
258.064453125000
258.472656250000
258.883789062500
259.292968750000
259.704589843750
260.117187500000
260.525390625000
260.933593750000
261.346191406250
261.759765625000
262.167968750000
262.580566406250
262.992187500000
263.402343750000
263.812500000000
264.225585937500
264.628906250000
265.041015625000
265.452148437500
265.865722656250
266.271972656250
266.681152343750
267.088378906250
267.498535156250
267.903320312500
268.312988281250
268.720703125000
269.127441406250
269.533691406250
269.939941406250
270.350585937500
270.753906250000
271.158203125000
271.558593750000
271.960449218750
272.359375000000
272.765136718750
273.156250000000
273.554687500000
273.949218750000
274.345703125000
274.748535156250
275.144042968750
275.542480468750
275.937988281250
276.335937500000
276.734375000000
277.131347656250
277.519531250000
277.915527343750
278.304687500000
278.699707031250
279.099121093750
279.497070312500
279.891601562500
280.287597656250
280.680175781250
281.074218750000
281.469726562500
281.860839843750
282.250976562500
282.648437500000
283.042968750000
283.440917968750
283.833496093750
284.233398437500
284.632812500000
285.032714843750
285.422363281250
285.813964843750
286.210937500000
286.610351562500
287
287.390136718750
287.781738281250
288.178710937500
288.577148437500
288.975097656250
289.368652343750
289.765625000000
290.165527343750
290.562500000000
290.956542968750
291.351562500000
291.749023437500
292.140625000000
292.538085937500
292.929687500000
293.329589843750
293.727539062500
294.125000000000
294.521972656250
294.917968750000
295.314941406250
295.710937500000
296.109375000000
296.500000000000
296.898925781250
297.292968750000
297.683593750000
298.078125000000
298.476562500000
298.873046875000
299.265625000000
299.658203125000
300.046875000000
300.444824218750
300.835937500000
301.231933593750
301.625000000000
302.016113281250
302.406250000000
302.805664062500
303.201171875000
303.593750000000
303.984863281250
304.375000000000
304.765625000000
305.152343750000
305.541992187500
305.929687500000
306.315917968750
306.709960937500
307.101562500000
307.489257812500
307.875000000000
308.258789062500
308.648925781250
309.034179687500
309.420410156250
309.804687500000
310.189941406250
310.581054687500
310.972167968750
311.355468750000
311.738281250000
312.117187500000
312.501953125000
312.881347656250
313.265625000000
313.647949218750
314.028320312500
314.406250000000
314.777343750000
315.156738281250
315.539062500000
315.916015625000
316.297851562500
316.677734375000
317.051757812500
317.425781250000
317.811035156250
318.187500000000
318.566406250000
318.941894531250
319.327636718750
319.709472656250
320.084472656250
320.463378906250
320.840820312500
321.221679687500
321.602050781250
321.979492187500
322.360351562500
322.738769531250
323.120605468750
323.500000000000
323.881835937500
324.257324218750
324.633789062500
325.021484375000
325.402343750000
325.783203125000
326.161621093750
326.542968750000
326.920898437500
327.304687500000
327.681640625000
328.062011718750
328.438964843750
328.820800781250
329.201171875000
329.577636718750
329.954101562500
330.329589843750
330.708496093750
331.083496093750
331.459472656250
331.834960937500
332.217773437500
332.592285156250
332.964843750000
333.342773437500
333.717773437500
334.093261718750
334.475097656250
334.851562500000
335.232421875000
335.607910156250
335.983398437500
336.360839843750
336.737304687500
337.114746093750
337.491699218750
337.868652343750
338.246093750000
338.625976562500
339.002929687500
339.381835937500
339.762695312500
340.139648437500
340.521972656250
340.899902343750
341.282226562500
341.664062500000
342.043457031250
342.418945312500
342.796875000000
343.179199218750
343.554199218750
343.931152343750
344.305664062500
344.686523437500
345.059082031250
345.434082031250
345.805175781250
346.180664062500
346.562500000000
346.933593750000
347.312500000000
347.680664062500
348.052246093750
348.427246093750
348.797851562500
349.171386718750
349.540527343750
349.908203125000
350.279785156250
350.650878906250
351.022460937500
351.392578125000
351.765625000000
352.132812500000
352.501953125000
352.874511718750
353.244140625000
353.617675781250
353.990234375000
354.360351562500
354.726562500000
355.102539062500
355.468750000000
355.842773437500
356.218261718750
356.593261718750
356.966308593750
357.335937500000
357.709960937500
358.084472656250
358.454101562500
358.827148437500
359.197265625000
359.571289062500
359.941406250000
360.312988281250
360.681152343750
361.047363281250
361.420410156250
361.793945312500
362.164062500000
362.531250000000
362.899414062500
363.265136718750
363.639648437500
364.010253906250
364.375000000000
364.744140625000
365.109375000000
365.484863281250
365.853027343750
366.218750000000
366.592285156250
366.960937500000
367.331542968750
367.703125000000
368.070800781250
368.441406250000
368.811035156250
369.179687500000
369.551757812500
369.920410156250
370.289062500000
370.656250000000
371.021484375000
371.386718750000
371.757324218750
372.121093750000
372.489746093750
372.855468750000
373.223632812500
373.589355468750
373.955566406250
374.321289062500
374.687500000000
375.052734375000
375.417968750000
375.789550781250
376.150878906250
376.515625000000
376.876464843750
377.241210937500
377.601562500000
377.967285156250
378.334472656250
378.699218750000
379.062500000000
379.429199218750
379.789062500000
380.158203125000
380.523437500000
380.889160156250
381.249511718750
381.620117187500
381.987304687500
382.351562500000
382.718750000000
383.078125000000
383.444335937500
383.812011718750
384.171875000000
384.540527343750
384.902343750000
385.266113281250
385.633789062500
385.999023437500
386.362304687500
386.726562500000
387.094726562500
387.460937500000
387.831054687500
388.194335937500
388.561523437500
388.928710937500
389.302734375000
389.671875000000
390.039062500000
390.406250000000
390.772460937500
391.139160156250
391.508300781250
391.876464843750
392.243164062500
392.609863281250
392.979003906250
393.343750000000
393.711914062500
394.077636718750
394.438964843750
394.809082031250
395.174804687500
395.541503906250
395.906250000000
396.273437500000
396.633300781250
397.001464843750
397.369140625000
397.734375000000
398.102539062500
398.464843750000
398.830566406250
399.194824218750
399.558593750000
399.920410156250
400.291015625000
400.656738281250
401.023437500000
401.391601562500
401.755371093750
402.123535156250
402.490234375000
402.856445312500
403.224609375000
403.592773437500
403.958984375000
404.320312500000
404.688476562500
405.051757812500
405.421875000000
405.790527343750
406.152343750000
406.521484375000
406.882812500000
407.252441406250
407.615722656250
407.981933593750
408.343261718750
408.712890625000
409.078613281250
409.443847656250
409.809570312500
410.170898437500
410.536132812500
410.896972656250
411.258789062500
411.623535156250
411.988769531250
412.345214843750
412.705566406250
413.067382812500
413.427734375000
413.785156250000
414.147949218750
414.507812500000
414.869628906250
415.225585937500
415.584472656250
415.943847656250
416.300781250000
416.664062500000
417.023437500000
417.382324218750
417.740722656250
418.097656250000
418.460449218750
418.820312500000
419.179687500000
419.539062500000
419.894042968750
420.255859375000
420.617187500000
420.977050781250
421.335937500000
421.695312500000
422.050781250000
422.413574218750
422.771484375000
423.128906250000
423.491699218750
423.847656250000
424.215332031250
424.578125000000
424.937988281250
425.295410156250
425.655273437500
426.014648437500
426.375000000000
426.734863281250
427.093750000000
427.456054687500
427.812500000000
428.172363281250
428.536132812500
428.890625000000
429.251953125000
429.609375000000
429.970703125000
430.328125000000
430.686035156250
431.041015625000
431.402343750000
431.762207031250
432.117187500000
432.479980468750
432.835937500000
433.194824218750
433.549804687500
433.914062500000
434.268066406250
434.625000000000
434.984375000000
435.335937500000
435.694824218750
436.048828125000
436.402343750000
436.758300781250
437.113281250000
437.468750000000
437.823730468750
438.175781250000
438.532714843750
438.890625000000
439.241210937500
439.593750000000
439.952148437500
440.300781250000
440.658203125000
441.011718750000
441.366699218750
441.717285156250
442.070312500000
442.422363281250
442.773437500000
443.126464843750
443.476562500000
443.832031250000
444.179687500000
444.532226562500
444.881347656250
445.230468750000
445.585449218750
445.933593750000
446.290039062500
446.640625000000
446.992675781250
447.343750000000
447.698730468750
448.046875000000
448.399902343750
448.751953125000
449.106933593750
449.458984375000
449.808593750000
450.158203125000
450.511718750000
450.862304687500
451.214843750000
451.568847656250
451.914062500000
452.271484375000
452.619140625000
452.970703125000
453.321777343750
453.673339843750
454.030273437500
454.375000000000
454.727050781250
455.074218750000
455.428710937500
455.777343750000
456.127441406250
456.478027343750
456.824218750000
457.175292968750
457.523437500000
457.875976562500
458.222656250000
458.576660156250
458.927246093750
459.274902343750
459.623046875000
459.972656250000
460.322753906250
460.671875000000
461.022949218750
461.367187500000
461.722167968750
462.064941406250
462.414062500000
462.759765625000
463.114746093750
463.460937500000
463.805175781250
464.156738281250
464.507812500000
464.855468750000
465.203125000000
465.548339843750
465.894531250000
466.244628906250
466.599121093750
466.941406250000
467.291503906250
467.640625000000
467.990722656250
468.335937500000
468.681152343750
469.027343750000
469.375000000000
469.725097656250
470.074218750000
470.421875000000
470.767578125000
471.121093750000
471.463867187500
471.812500000000
472.163574218750
472.509277343750
472.857421875000
473.203125000000
473.554199218750
473.898437500000
474.247558593750
474.589843750000
474.938964843750
475.287109375000
475.633789062500
475.984375000000
476.324218750000
476.676269531250
477.023437500000
477.374511718750
477.710937500000
478.066406250000
478.411132812500
478.763183593750
479.109375000000
479.454101562500
479.804687500000
480.148437500000
480.498046875000
480.839843750000
481.188476562500
481.537109375000
481.882812500000
482.228027343750
482.570312500000
482.921875000000
483.268554687500
483.621093750000
483.966308593750
484.313964843750
484.665039062500
485.011718750000
485.362304687500
485.707031250000
486.060058593750
486.410156250000
486.757324218750
487.101562500000
487.451171875000
487.802734375000
488.152343750000
488.506835937500
488.851562500000
489.203125000000
489.554687500000
489.902343750000
490.250488281250
490.601074218750
490.951660156250
491.304199218750
491.655761718750
492.003906250000
492.357421875000
492.707031250000
493.061035156250
493.406250000000
493.759765625000
494.107421875000
494.454101562500
494.801757812500
495.150390625000
495.500000000000
495.848632812500
496.197265625000
496.546386718750
496.896484375000
497.239746093750
497.584472656250
497.935546875000
498.281250000000
498.627441406250
498.975585937500
499.324218750000
499.669433593750
500.013671875000
500.357421875000
500.711425781250
501.060058593750
501.402343750000
501.750000000000
502.093750000000
502.439453125000
502.785156250000
503.133300781250
503.478515625000
503.828125000000
504.169433593750
504.521484375000
504.867187500000
505.208984375000
505.554687500000
505.905761718750
506.255859375000
506.597656250000
506.946289062500
507.294921875000
507.636718750000
507.986816406250
508.329170671777
508.680664062500
509.031250000000
509.375000000000
509.721191406250
510.068359375000
510.408691406250
510.760253906250
511.108398437500
511.453125000000
511.802734375000
512.148437500000
512.492675781250
512.835937500000
513.182617187500
513.532714843750
513.875000000000
514.225097656250
514.566406250000
514.913085937500
515.261718750000
515.610351562500
515.951171875000
516.295410156250
516.645996093750
516.984375000000
517.333984375000
517.675781250000
518.023925781250
518.367187500000
518.713378906250
519.054687500000
519.400390625000
519.744140625000
520.089843750000
520.435058593750
520.777343750000
521.123535156250
521.464843750000
521.811523437500
522.152343750000
522.494628906250
522.835937500000
523.183593750000
523.524902343750
523.867187500000
524.211425781250
524.552734375000
524.894531250000
525.236816406250
525.578125000000
525.921875000000
526.265625000000
526.609375000000
526.951660156250
527.292968750000
527.631835937500
527.976562500000
528.318359375000
528.660156250000
529.003906250000
529.342773437500
529.687500000000
530.028808593750
530.371093750000
530.710937500000
531.054687500000
531.394531250000
531.741210937500
532.085937500000
532.425781250000
532.765136718750
533.105468750000
533.445312500000
533.785156250000
534.125000000000
534.465332031250
534.804687500000
535.146484375000
535.484375000000
535.827636718750
536.173828125000
536.507812500000
536.850585937500
537.187500000000
537.531250000000
537.871093750000
538.210937500000
538.554687500000
538.895996093750
539.234375000000
539.574218750000
539.914062500000
540.257812500000
540.601074218750
540.933593750000
541.280761718750
541.618652343750
541.953125000000
542.296875000000
542.631365685460
542.976562500000
543.316406250000
543.657226562500
543.994140625000
544.335937500000
544.671386718750
545.015625000000
545.347656250000
545.688476562500
546.031250000000
546.364746093750
546.707031250000
547.045898437500
547.382812500000
547.718261718750
548.054687500000
548.390625000000
548.730468750000
549.071289062500
549.406250000000
549.746093750000
550.079589843750
550.421875000000
550.753906250000
551.092773437500
551.429687500000
551.765625000000
552.104980468750
552.441406250000
552.777832031250
553.117187500000
553.449223834067
553.792968750000
554.131835937500
554.468750000000
554.804687500000
555.143066406250
555.476562500000
555.821777343750
556.156250000000
556.491699218750
556.832031250000
557.166015625000
557.507812500000
557.840820312500
558.179687500000
558.519531250000
558.855468750000
559.189453125000
559.527343750000
559.868164062500
560.207031250000
560.544433593750
560.884277343750
561.218750000000
561.555664062500
561.890625000000
562.232910156250
562.570312500000
562.912597656250
563.250000000000
563.585937500000
563.921875000000
564.259277343750
564.601562500000
564.937500000000
565.280761718750
565.617187500000
565.955078125000
566.289062500000
566.626953125000
566.966796875000
567.300781250000
567.642089843750
567.980468750000
568.320312500000
568.655761718750
568.992187500000
569.329101562500
569.667968750000
570.001953125000
570.339843750000
570.679687500000
571.011718750000
571.350097656250
571.683593750000
572.015625000000
572.357421875000
572.695312500000
573.030273437500
573.359375000000
573.699218750000
574.035156250000
574.374511718750
574.703125000000
575.041015625000
575.375000000000
575.709472656250
576.046875000000
576.382812500000
576.719726562500
577.050781250000
577.390136718750
577.726562500000
578.060546875000
578.398437500000
578.734375000000
579.066406250000
579.400878906250
579.738281250000
580.077148437500
580.406250000000
580.745605468750
581.078125000000
581.417968750000
581.757812500000
582.095214843750
582.429687500000
582.769531250000
583.101562500000
583.437500000000
583.773437500000
584.115722656250
584.453125000000
584.788574218750
585.125000000000
585.457031250000
585.796875000000
586.128906250000
586.468750000000
586.808593750000
587.144531250000
587.480468750000
587.811523437500
588.148437500000
588.485351562500
588.820312500000
589.155761718750
589.488281250000
589.827148437500
590.160156250000
590.497558593750
590.828125000000
591.165527343750
591.503906250000
591.832031250000
592.167968750000
592.503906250000
592.835937500000
593.180664062500
593.507812500000
593.841308593750
594.171875000000
594.507812500000
594.844726562500
595.183593750000
595.515136718750
595.859375000000
596.190429687500
596.523437500000
596.860351562500
597.195312500000
597.534667968750
597.867187500000
598.210449218750
598.546875000000
598.880859375000
599.218750000000
599.550781250000
599.891601562500
600.226562500000
600.562500000000
600.895996093750
601.230468750000
601.569824218750
601.902343750000
602.236816406250
602.570312500000
602.906250000000
603.241699218750
603.578125000000
603.914062500000
604.250000000000
604.580078125000
604.921875000000
605.250000000000
605.587890625000
605.921875000000
606.258300781250
606.593750000000
606.923339843750
607.261718750000
607.589843750000
607.926269531250
608.261718750000
608.593750000000
608.929687500000
609.259765625000
609.593750000000
609.930664062500
610.265625000000
610.601074218750
610.929687500000
611.266601562500
611.597656250000
611.931640625000
612.269531250000
612.601074218750
612.938964843750
613.265625000000
613.601562500000
613.931152343750
614.265625000000
614.600585937500
614.933593750000
615.267089843750
615.601562500000
615.933593750000
616.266601562500
616.601562500000
616.934082031250
617.265625000000
617.597167968750
617.933593750000
618.265625000000
618.598144531250
618.929687500000
619.264648437500
619.597656250000
619.929199218750
620.261718750000
620.594726562500
620.918523402367
621.257324218750
621.585937500000
621.921875000000
622.253906250000
622.583007812500
622.914062500000
623.241674958939
623.579101562500
623.910156250000
624.243652343750
624.578125000000
624.905761718750
625.238281250000
625.563686620746
625.904296875000
626.234375000000
626.570312500000
626.898437500000
627.227539062500
627.558593750000
627.906250000000
628.225097656250
628.550781250000
628.882812500000
629.212890625000
629.546875000000
629.880371093750
630.207031250000
630.539062500000
630.867187500000
631.199218750000
631.531250000000
631.863281250000
632.196289062500
632.523437500000
632.856933593750
633.187500000000
633.522949218750
633.855468750000
634.180664062500
634.511718750000
634.839843750000
635.171875000000
635.503417968750
635.835937500000
636.169921875000
636.492187500000
636.831542968750
637.160156250000
637.492187500000
637.824218750000
638.154785156250
638.484375000000
638.812988281250
639.148437500000
639.471679687500
639.800781250000
640.134277343750
640.464843750000
640.795410156250
641.128906250000
641.453125000000
641.789550781250
642.117187500000
642.446777343750
642.777343750000
643.108886718750
643.441406250000
643.765625000000
644.099609375000
644.425781250000
644.757812500000
645.085937500000
645.416015625000
645.750000000000
646.078125000000
646.406250000000
646.734375000000
647.062500000000
647.394531250000
647.727050781250
648.058593750000
648.388671875000
648.714843750000
649.049804687500
649.378906250000
649.708496093750
650.039062500000
650.368652343750
650.703125000000
651.031250000000
651.361328125000
651.687500000000
652.015625000000
652.347656250000
652.679687500000
653.008789062500
653.343750000000
653.671875000000
654.000976562500
654.328125000000
654.660156250000
654.990234375000
655.320312500000
655.652832031250
655.980468750000
656.312500000000
656.640625000000
656.968750000000
657.299316406250
657.632812500000
657.961425781250
658.289062500000