0.0937500000000000
0.842285156250000
1.55517578125000
2.25830078125000
2.92041015625000
3.59375000000000
4.23681640625000
4.86865234375000
5.47558593750000
6.07958984375000
6.67480468750000
7.27197265625000
7.86083984375000
8.44531250000000
9.02343750000000
9.59375000000000
10.1816406250000
10.7954101562500
11.4003906250000
11.9921875000000
12.5805664062500
13.1655273437500
13.7368164062500
14.2968750000000
14.8525390625000
15.3984375000000
15.9458007812500
16.4921875000000
17.0312500000000
17.5664062500000
18.1015625000000
18.6328125000000
19.1650390625000
19.7026367187500
20.2441406250000
20.7944335937500
21.3432617187500
21.8881835937500
22.4272460937500
22.9716796875000
23.5146484375000
24.0468750000000
24.5781250000000
25.1118164062500
25.6484375000000
26.1757812500000
26.7026367187500
27.2290039062500
27.7583007812500
28.2827148437500
28.8046875000000
29.3247070312500
29.8447265625000
30.3588867187500
30.8676757812500
31.3803710937500
31.9057617187500
32.4375000000000
32.9687500000000
33.5058593750000
34.0537109375000
34.6157226562500
35.1860351562500
35.7421875000000
36.2900390625000
36.8320312500000
37.3676757812500
37.9038085937500
38.4448242187500
38.9995117187500
39.5698242187500
40.1347656250000
40.6938476562500
41.2421875000000
41.7968750000000
42.3457031250000
42.8906250000000
43.4296875000000
43.9716796875000
44.5146484375000
45.0512695312500
45.5791015625000
46.1083984375000
46.6362304687500
47.1708984375000
47.7094726562500
48.2470703125000
48.7832031250000
49.3247070312500
49.8725585937500
50.4296875000000
51.0009765625000
51.5742187500000
52.1738281250000
52.7631835937500
53.3515625000000
53.9257812500000
54.5083007812500
55.0795898437500
55.6430664062500
56.2036132812500
56.7592773437500
57.3032226562500
57.8510742187500
58.3955078125000
58.9365234375000
59.4692382812500
60.0073242187500
60.5473632812500
61.0932617187500
61.6333007812500
62.1728515625000
62.7119140625000
63.2514648437500
63.7895507812500
64.3266601562500
64.8662109375000
65.4145507812500
65.9785156250000
66.5522460937500
67.1230468750000
67.6767578125000
68.2319335937500
68.7832031250000
69.3295898437500
69.8676757812500
70.4003906250000
70.9296875000000
71.4541015625000
71.9838867187500
72.5170898437500
73.0610351562500
73.6005859375000
74.1328125000000
74.6655273437500
75.1967773437500
75.7285156250000
76.2666015625000
76.7998046875000
77.3286132812500
77.8544921875000
78.3833007812500
78.9233398437500
79.4790039062500
80.0488281250000
80.6088867187500
81.1577148437500
81.6992187500000
82.2353515625000
82.7739257812500
83.3203125000000
83.8842773437500
84.4628906250000
85.0395507812500
85.5996093750000
86.1484375000000
86.6879882812500
87.2265625000000
87.7617187500000
88.2968750000000
88.8452148437500
89.3969726562500
89.9453125000000
90.4907226562500
91.0229492187500
91.5507812500000
92.0708007812500
92.5898437500000
93.1069335937500
93.6230468750000
94.1445312500000
94.6811523437500
95.2368164062500
95.7973632812500
96.3452148437500
96.8823242187500
97.4077148437500
97.9291992187500
98.4458007812500
98.9604492187500
99.4770507812500
100.006835937500
100.548828125000
101.108398437500
101.664550781250
102.211425781250
102.756347656250
103.289550781250
103.822265625000
104.347656250000
104.873535156250
105.404296875000
105.944824218750
106.491210937500
107.032226562500
107.567871093750
108.094726562500
108.614746093750
109.130859375000
109.643066406250
110.155761718750
110.675292968750
111.221191406250
111.789062500000
112.369628906250
112.946777343750
113.507812500000
114.057128906250
114.601562500000
115.136718750000
115.672363281250
116.207031250000
116.744140625000
117.289062500000
117.842285156250
118.391113281250
118.930664062500
119.463378906250
119.985351562500
120.500000000000
121.009277343750
121.515625000000
122.019042968750
122.523437500000
123.033203125000
123.555175781250
124.088378906250
124.633789062500
125.172363281250
125.701660156250
126.223144531250
126.742187500000
127.259765625000
127.774902343750
128.289062500000
128.802734375000
129.306640625000
129.812500000000
130.314941406250
130.814453125000
131.315429687500
131.812988281250
132.319335937500
132.843261718750
133.382812500000
133.917968750000
134.445800781250
134.959960937500
135.468750000000
135.975097656250
136.476562500000
136.977539062500
137.483398437500
137.998535156250
138.516113281250
139.030761718750
139.539062500000
140.041015625000
140.542968750000
141.045410156250
141.542968750000
142.047851562500
142.558593750000
143.077636718750
143.601562500000
144.122070312500
144.634765625000
145.145996093750
145.655273437500
146.164062500000
146.670898437500
147.171875000000
147.666992187500
148.162597656250
148.651855468750
149.141601562500
149.634765625000
150.140625000000
150.656250000000
151.183105468750
151.705566406250
152.214843750000
152.717285156250
153.210937500000
153.708984375000
154.203125000000
154.696289062500
155.195312500000
155.711914062500
156.249511718750
156.796386718750
157.342285156250
157.870605468750
158.390625000000
158.899902343750
159.406250000000
159.907714843750
160.414550781250
160.914062500000
161.413085937500
161.907226562500
162.399414062500
162.889648437500
163.380371093750
163.881835937500
164.399414062500
164.924804687500
165.442382812500
165.943359375000
166.437011718750
166.926757812500
167.416015625000
167.899902343750
168.379882812500
168.855468750000
169.334960937500
169.812500000000
170.290039062500
170.773437500000
171.265625000000
171.771972656250
172.275878906250
172.779785156250
173.272949218750
173.764160156250
174.250000000000
174.735839843750
175.221191406250
175.705078125000
176.194335937500
176.689941406250
177.194824218750
177.696289062500
178.188476562500
178.673339843750
179.155273437500
179.632812500000
180.105468750000
180.579101562500
181.054687500000
181.531738281250
182.015136718750
182.500000000000
182.978027343750
183.449707031250
183.919433593750
184.386718750000
184.853027343750
185.322753906250
185.790039062500
186.249511718750
186.710449218750
187.171875000000
187.632324218750
188.093750000000
188.569335937500
189.054687500000
189.562500000000
190.072265625000
190.579101562500
191.070800781250
191.553710937500
192.032714843750
192.508300781250
192.979980468750
193.454101562500
193.929199218750
194.413085937500
194.903320312500
195.395507812500
195.881347656250
196.354003906250
196.825195312500
197.292968750000
197.757324218750
198.218750000000
198.683105468750
199.152343750000
199.627929687500
200.119140625000
200.618164062500
201.116699218750
201.600097656250
202.077636718750
202.549316406250
203.019531250000
203.491210937500
203.960937500000
204.436523437500
204.914062500000
205.403320312500
205.886718750000
206.363769531250
206.839843750000
207.312988281250
207.785156250000
208.257812500000
208.734375000000
209.209960937500
209.672851562500
210.136718750000
210.601074218750
211.062500000000
211.522949218750
211.984375000000
212.446777343750
212.914062500000
213.372558593750
213.829101562500
214.287597656250
214.742187500000
215.199707031250
215.656250000000
216.119628906250
216.586914062500
217.052246093750
217.507812500000
217.961425781250
218.415039062500
218.867187500000
219.322753906250
219.777343750000
220.234375000000
220.696289062500
221.162597656250
221.616210937500
222.069824218750
222.520996093750
222.974121093750
223.429687500000
223.882812500000
224.339843750000
224.797363281250
225.243652343750
225.692382812500
226.140136718750
226.585937500000
227.032714843750
227.481933593750
227.926757812500
228.369140625000
228.813476562500
229.255859375000
229.701660156250
230.146484375000
230.601074218750
231.060546875000
231.523437500000
231.982910156250
232.436523437500
232.888183593750
233.337890625000
233.790039062500
234.238281250000
234.682128906250
235.125000000000
235.571777343750
236.015625000000
236.459472656250
236.898437500000
237.352539062500
237.804199218750
238.250488281250
238.695312500000
239.136230468750
239.578613281250
240.021484375000
240.459472656250
240.890625000000
241.328125000000
241.761718750000
242.201171875000
242.640625000000
243.079101562500
243.522949218750
243.959960937500
244.395996093750
244.830566406250
245.264648437500
245.701171875000
246.132812500000
246.562500000000
246.986328125000
247.414062500000
247.848144531250
248.281250000000
248.717773437500
249.160156250000
249.605468750000
250.042968750000
250.482910156250
250.917968750000
251.353027343750
251.789062500000
252.218750000000
252.642578125000
253.070312500000
253.498046875000
253.921875000000
254.351562500000
254.773437500000
255.203613281250
255.632812500000
256.059082031250
256.480468750000
256.905273437500
257.328125000000
257.756347656250
258.179687500000
258.600097656250
259.021972656250
259.445312500000
259.868164062500
260.292968750000
260.715332031250
261.141113281250
261.564941406250
261.992675781250
262.414062500000
262.833984375000
263.253906250000
263.672363281250
264.093750000000
264.512695312500
264.929687500000
265.346191406250
265.765136718750
266.183593750000
266.606445312500
267.031250000000
267.462890625000
267.898437500000
268.328613281250
268.758300781250
269.185058593750
269.610839843750
270.038574218750
270.460937500000
270.878906250000
271.299316406250
271.718750000000
272.143554687500
272.562500000000
272.987792968750
273.410156250000
273.838867187500
274.266113281250
274.691894531250
275.114746093750
275.534179687500
275.956054687500
276.376464843750
276.792968750000
277.210937500000
277.627441406250
278.045410156250
278.462402343750
278.881835937500
279.303710937500
279.727539062500
280.146484375000
280.563964843750
280.980468750000
281.400390625000
281.816406250000
282.238281250000
282.656250000000
283.076660156250
283.496582031250
283.914550781250
284.329589843750
284.743164062500
285.159667968750
285.573242187500
285.983398437500
286.394531250000
286.805664062500
287.216796875000
287.627929687500
288.041015625000
288.454589843750
288.873046875000
289.288574218750
289.698730468750
290.105468750000
290.520507812500
290.929687500000
291.344238281250
291.753906250000
292.167968750000
292.581054687500
292.993652343750
293.406738281250
293.820312500000
294.230468750000
294.640625000000
295.054687500000
295.464843750000
295.875488281250
296.287597656250
296.703125000000
297.114746093750
297.523437500000
297.931640625000
298.339843750000
298.750976562500
299.156250000000
299.571777343750
299.980468750000
300.392578125000
300.798828125000
301.207031250000
301.615722656250
302.023437500000
302.431152343750
302.835937500000
303.251464843750
303.664062500000
304.075683593750
304.484375000000
304.897949218750
305.308593750000
305.718261718750
306.127441406250
306.539062500000
306.954589843750
307.363281250000
307.772949218750
308.179687500000
308.586425781250
308.997070312500
309.406250000000
309.805175781250
310.210937500000
310.616210937500
311.019531250000
311.425781250000
311.828125000000
312.235351562500
312.642089843750
313.048828125000
313.454101562500
313.858398437500
314.260742187500
314.669433593750
315.069335937500
315.468750000000
315.871582031250
316.273437500000
316.677734375000
317.078125000000
317.477539062500
317.878906250000
318.282714843750
318.683593750000
319.085937500000
319.484375000000
319.882324218750
320.281250000000
320.680175781250
321.082031250000
321.483886718750
321.882812500000
322.288085937500
322.687500000000
323.083007812500
323.480468750000
323.882324218750
324.277343750000
324.672363281250
325.066406250000
325.462402343750
325.859375000000
326.257812500000
326.656250000000
327.056640625000
327.453125000000
327.851562500000
328.246093750000
328.642089843750
329.039062500000
329.436035156250
329.835937500000
330.233886718750
330.628906250000
331.022460937500
331.417968750000
331.812500000000
332.210937500000
332.603027343750
332.992187500000
333.384277343750
333.777343750000
334.172363281250
334.562500000000
334.957031250000
335.356445312500
335.750000000000
336.147460937500
336.542968750000
336.936523437500
337.332031250000
337.724609375000
338.115404661638
338.515625000000
338.914062500000
339.304687500000
339.699218750000
340.094238281250
340.489746093750
340.882812500000
341.274234315949
341.670410156250
342.066406250000
342.457519531250
342.851562500000
343.243164062500
343.639648437500
344.031250000000
344.425781250000
344.819335937500
345.214843750000
345.605468750000
346.000976562500
346.390625000000
346.782714843750
347.179687500000
347.575683593750
347.964843750000
348.357910156250
348.750000000000
349.140625000000
349.539550781250
349.929687500000
350.320800781250
350.710937500000
351.104003906250
351.500000000000
351.890625000000
352.289550781250
352.679687500000
353.070312500000
353.460449218750
353.854003906250
354.244140625000
354.636718750000
355.031250000000
355.427734375000
355.820312500000
356.216308593750
356.609375000000
357.001464843750
357.394531250000
357.789062500000
358.179687500000
358.571777343750
358.960937500000
359.354003906250
359.746093750000
360.142578125000
360.539062500000
360.936035156250
361.328125000000
361.718261718750
362.109375000000
362.500976562500
362.890625000000
363.281250000000
363.674316406250
364.062500000000
364.453613281250
364.843750000000
365.227050781250
365.617187500000
366.001953125000
366.386718750000
366.771484375000
367.156250000000
367.539550781250
367.921875000000
368.304687500000
368.688964843750
369.070312500000
369.456542968750
369.839843750000
370.219238281250
370.601562500000
370.982910156250
371.367187500000
371.748535156250
372.125000000000
372.506835937500
372.882812500000
373.264648437500
373.645019531250
374.021003738154
374.400878906250
374.789062500000
375.169921875000
375.546875000000
375.924316406250
376.304687500000
376.685058593750
377.063964843750
377.437500000000
377.822753906250
378.207031250000
378.585937500000
378.967773437500
379.350097656250
379.726562500000
380.107910156250
380.488281250000
380.867675781250
381.248535156250
381.625000000000
382.007324218750
382.386718750000
382.764648437500
383.140625000000
383.523437500000
383.906250000000
384.283691406250
384.664062500000
385.039550781250
385.414062500000
385.796875000000
386.174804687500
386.554687500000
386.935546875000
387.312500000000
387.689941406250
388.070800781250
388.444824218750
388.820312500000
389.202148437500
389.578125000000
389.957031250000
390.332031250000
390.710937500000
391.085449218750
391.484375000000
391.835937500000
392.214843750000
392.587890625000
392.964843750000
393.335937500000
393.709472656250
394.082031250000
394.458007812500
394.835937500000
395.207031250000
395.582031250000
395.953613281250
396.328125000000
396.695312500000
397.068847656250
397.437500000000
397.811035156250
398.179687500000
398.550292968750
398.921875000000
399.289062500000
399.664062500000
400.037597656250
400.406250000000
400.777343750000
401.147460937500
401.515625000000
401.882812500000
402.257812500000
402.630859375000
403
403.367675781250
403.734375000000
404.105468750000
404.474121093750
404.843750000000
405.209472656250
405.574218750000
405.942871093750
406.312500000000
406.679687500000
407.048828125000
407.414062500000
407.782226562500
408.148437500000
408.516113281250
408.882812500000
409.250000000000
409.615621392321
409.984863281250
410.351562500000
410.718750000000
411.081054687500
411.449218750000
411.812500000000
412.180409957785
412.551757812500
412.917968750000
413.282226562500
413.648437500000
414.017089843750
414.376464843750
414.738281250000
415.109375000000
415.480468750000
415.846679687500
416.210937500000
416.578125000000
416.944335937500
417.308593750000
417.673828125000
418.035156250000
418.398437500000
418.765625000000
419.130371093750
419.492187500000
419.855468750000
420.224609375000
420.585937500000
420.955566406250
421.320312500000
421.686523437500
422.054687500000
422.417968750000
422.782714843750
423.148437500000
423.514648437500
423.875000000000
424.242675781250
424.609375000000
424.976562500000
425.338338742602
425.706903923777
426.072753906250
426.437500000000
426.805175781250
427.171875000000
427.536132812500
427.900814300626
428.265625000000
428.634277343750
429
429.363281250000
429.726562500000
430.093750000000
430.454187894961
430.818192476386
431.186226628822
431.549804687500
431.914062500000
432.277343750000
432.640136718750
432.998523588423
433.367187500000
433.730468750000
434.093261718750
434.453125000000
434.818847656250
435.179687500000
435.539062500000
435.903320312500
436.265625000000
436.626953125000
436.988281250000
437.352539062500
437.714843750000
438.078125000000
438.438964843750
438.800781250000
439.164550781250
439.523437500000
439.883789062500
440.269531250000
440.605468750000
440.969238281250
441.328125000000
441.687988281250
442.046875000000
442.408203125000
442.764041016860
443.125000000000
443.484375000000
443.843750000000
444.203125000000
444.562500000000
444.919921875000
445.273437500000
445.634277343750
445.992187500000
446.348144531250
446.705194070372
447.062500000000
447.422363281250
447.777343750000
448.138671875000
448.492187500000
448.851562500000
449.204152837552
449.562500000000
449.922363281250
450.277343750000
450.632812500000
450.988281250000
451.343750000000
451.697593070788
452.054687500000
452.414062500000
452.767578125000
453.121093750000
453.476562500000
453.832519531250
454.185923910305
454.545410156250
454.898437500000
455.251953125000
455.609375000000
455.960937500000
456.317382812500
456.671875000000
457.024414062500
457.382812500000
457.734863281250
458.085937500000
458.441406250000
458.794921875000
459.144531250000
459.500000000000
459.851562500000
460.205566406250
460.556998462575
460.910156250000
461.264160156250
461.613281250000
461.967285156250
462.316406250000
462.668457031250
463.019531250000
463.371093750000
463.726074218750
464.078125000000
464.429687500000
464.781250000000
465.132324218750
465.484375000000
465.835937500000
466.191406250000
466.539062500000
466.894042968750
467.246093750000
467.595214843750
467.945312500000
468.300781250000
468.653808593750
469
469.352050781250
469.703125000000
470.053222656250
470.399530473414
470.756381785367
471.108886718750
471.453125000000
471.806152343750
472.156250000000
472.507812500000
472.855468750000
473.210937500000
473.558593750000
473.906250000000
474.258300781250
474.613281250000
474.957031250000
475.309068166042
475.663085937500
476.007812500000
476.359375000000
476.708496093750
477.054687500000
477.405761718750
477.753906250000
478.102050781250
478.449218750000
478.801757812500
479.148437500000
479.492187500000
479.838378906250
480.187500000000
480.536621093750
480.886718750000
481.232910156250
481.578125000000
481.922851562500
482.270996093750
482.617187500000
482.964355468750
483.312500000000
483.656250000000
484.004394531250
484.351562500000
484.696289062500
485.042968750000
485.391113281250
485.738281250000
486.085937500000
486.430175781250
486.773437500000
487.118164062500
487.468750000000
487.812500000000
488.156250000000
488.499511718750
488.844238281250
489.187500000000
489.531250000000
489.875000000000
490.218750000000
490.564453125000
490.906250000000
491.250488281250
491.593750000000
491.937988281250
492.279878466277
492.625000000000
492.967285156250
493.308593750000
493.648925781250
493.994628906250
494.336425781250
494.678222656250
495.016113281250
495.357910156250
495.695312500000
496.040039062500
496.382812500000
496.722656250000
497.063476562500
497.402343750000
497.742187500000
498.085937500000
498.424316406250
498.766601562500
499.104003906250
499.445312500000
499.781250000000
500.125000000000
500.464843750000
500.804687500000
501.143066406250
501.480468750000
501.820312500000
502.160156250000
502.502441406250
502.839843750000
503.180664062500
503.523437500000
503.859375000000
504.196289062500
504.539062500000
504.877441406250
505.214843750000
505.553222656250
505.890625000000
506.226562500000
506.567382812500
506.906250000000
507.245605468750
507.585937500000
507.919433593750
508.257812500000
508.594726562500
508.935058593750
509.273437500000
509.609375000000
509.946289062500
510.281250000000
510.620605468750
510.962402343750
511.301269531250
511.639160156250
511.976074218750
512.311523437500
512.648437500000
512.987792968750
513.328125000000
513.664062500000
514.000976562500
514.335937500000
514.672363281250
515.012695312500
515.353027343750
515.687011718750
516.022460937500
516.354003906250
516.695312500000
517.031250000000
517.371093750000
517.706054687500
518.043945312500
518.377876594629
518.711914062500
519.050781250000
519.388183593750
519.726562500000
520.062500000000
520.395996093750
520.730468750000
521.069824218750
521.406250000000
521.742187500000
522.078613281250
522.410156250000
522.747558593750
523.085937500000
523.420410156250
523.757324218750
524.089843750000
524.425781250000
524.761718750000
525.097167968750
525.433593750000
525.769042968750
526.104492187500
526.435159815098
526.773437500000
527.109375000000
527.445800781250
527.781250000000
528.117187500000
528.446777343750
528.781250000000
529.116210937500
529.453125000000
529.789062500000
530.124023437500
530.454189612353
530.791503906250
531.123941798942
531.460449218750
531.796875000000
532.132812500000
532.461425781250
532.796875000000
533.130371093750
533.464843750000
533.800781250000
534.135253906250
534.467663165039
534.804199218750
535.133635676493
535.469238281250
535.804199218750
536.140625000000
536.472656250000
536.808593750000
537.142089843750
537.476562500000
537.812500000000
538.146484375000
538.478006139417
538.813964843750
539.144531250000
539.479003906250
539.812988281250
540.175781250000
540.476562500000
540.812500000000
541.146484375000
541.480468750000
541.812500000000
542.147460937500
542.477037792895
542.812500000000
543.143066406250
543.472656250000
543.806152343750
544.140625000000
544.468750000000
544.804687500000
545.135253906250
545.468750000000
545.796875000000
546.131347656250
546.461838853153
546.796386718750
547.125000000000
547.454101562500
547.789550781250
548.140625000000
548.445312500000
548.779296875000
549.109375000000
549.437500000000
549.771972656250
550.101562500000
550.429687500000
550.763671875000
551.089843750000
551.421875000000
551.752441406250
552.079810531620
552.414062500000
552.742187500000
553.070312500000
553.402343750000
553.733398437500
554.058593750000
554.390625000000
554.719726562500
555.046875000000
555.377441406250
555.707519531250
556.031250000000
556.360839843750
556.690917968750
557.022949218750
557.350097656250
557.674804687500
558.001464843750
558.328125000000
558.656250000000
558.985839843750
559.312500000000
559.638671875000
559.960937500000
560.289062500000
560.617187500000
560.944824218750
561.269531250000
561.594726562500
561.921875000000
562.247070312500
562.573242187500
562.898437500000
563.226562500000
563.550781250000
563.875000000000
564.199707031250
564.527343750000
564.851562500000
565.174804687500
565.500000000000
565.824707031250
566.152343750000
566.476562500000
566.799804687500
567.125000000000
567.445800781250
567.773437500000
568.098144531250
568.422363281250
568.743164062500
569.068359375000
569.390625000000
569.718750000000
570.042968750000
570.361816406250
570.687011718750
571.007812500000
571.334960937500
571.656250000000
571.981933593750
572.304687500000
572.628906250000
572.952148437500
573.277343750000
573.601562500000
573.922851562500
574.246093750000
574.568847656250
574.895507812500
575.218261718750
575.541503906250
575.861816406250
576.187011718750
576.510742187500
576.835937500000
577.161132812500
577.478515625000
577.804199218750
578.125000000000
578.452636718750
578.773437500000
579.095214843750
579.419921875000
579.742187500000
580.063964843750
580.351562500000
580.710937500000
581.032714843750
581.351562500000
581.677246093750
582.002929687500
582.325195312500
582.648437500000
582.972656250000
583.289550781250
583.617187500000
583.937500000000
584.261718750000
584.584960937500
584.906250000000
585.226562500000
585.550292968750
585.875000000000
586.195312500000
586.515136718750
586.835937500000
587.160644531250
587.484375000000
587.804424036281
588.126953125000
588.445312500000
588.767089843750
589.093261718750
589.415527343750
589.736816406250
590.055664062500
590.375976562500
590.697265625000
591.022460937500
591.343750000000
591.661621093750
591.981933593750
592.300781250000
592.625000000000
592.944419377729
593.265136718750
593.585937500000
593.906250000000
594.226074218750
594.546875000000
594.863281250000
595.185777145325
595.507674271523
595.826171875000
596.144658861277
596.467649281935
596.786132812500
597.105468750000
597.422851562500
597.746093750000
598.063329754578
598.386230468750
598.705874527589
599.023925781250
599.342171903682
599.664329338085
599.983886718750
600.300781250000
600.619628906250
600.937500000000
601.257812500000
601.578125000000
601.894531250000
602.212890625000
602.546875000000
602.852050781250
603.171875000000
603.489746093750
603.808593750000
604.125000000000
604.445312500000
604.761718750000
605.081542968750
605.398437500000
605.718750000000
606.031250000000
606.351562500000
606.671875000000
606.992187500000
607.308593750000
607.625976562500
607.941406250000
608.260742187500
608.581276669700
608.902343750000
609.217773437500
609.554687500000
609.852050781250
610.171875000000
610.493652343750
610.808593750000
611.125000000000
611.444824218750
611.765625000000
612.085937500000
612.403808593750
612.722656250000
613.039062500000
613.359375000000
613.678222656250
613.996093750000
614.312500000000
614.630371093750
614.949218750000
615.270996093750
615.585937500000
615.902343750000
616.222656250000
616.539062500000
616.860351562500
617.179687500000
617.496093750000
617.816406250000
618.136718750000
618.455566406250
618.773437500000
619.093750000000
619.414062500000
619.731416909621
620.053710937500
620.371093750000
620.691406250000
621.011718750000
621.354178259059
621.653320312500
621.972656250000
622.292968750000
622.614257812500
622.933593750000
623.257812500000
623.577148437500
623.898437500000
624.216308593750
624.535156250000
624.859863281250
625.179014721232
625.501464843750
625.824218750000
626.144531250000
626.468261718750
626.789062500000
627.109375000000
627.431640625000
627.753906250000
628.073730468750
628.398437500000
628.718750000000
629.041992187500
629.367187500000
629.682617187500
630.007812500000
630.330566406250
630.648437500000
630.968750000000
631.290039062500
631.613281250000
631.937988281250
632.257812500000
632.577148437500
632.898437500000
633.218750000000
633.542968750000
633.863281250000
634.183593750000
634.501953125000
634.824218750000
635.145996093750
635.461599899219
635.791191735954
636.108398437500
636.429687500000
636.750976562500
637.074218750000
637.394531250000
637.712402343750
638.031250000000
638.354492187500
638.679687500000
639
639.320800781250
639.640625000000
639.958984375000
640.281250000000
640.605957031250
640.925781250000
641.246093750000
641.562988281250
641.886718750000
642.208984375000
642.527343750000
642.843750000000
643.165527343750
643.484375000000
643.811523437500
644.128906250000
644.449218750000
644.768066406250
645.089843750000
645.410644531250
645.730024310858
646.054687500000
646.374023437500
646.691406250000
647.011230468750
647.332031250000
647.656250000000
647.972656250000
648.287317943655
648.610351562500
648.933593750000
649.250000000000
649.572265625000
649.890625000000
650.208007812500
650.527343750000
650.851562500000
651.172363281250
651.484375000000
651.806152343750
652.128906250000
652.451171875000
652.769531250000
653.084960937500
653.405273437500
653.726562500000
654.046875000000
654.367187500000
654.682617187500
655.002441406250
655.320312500000
655.641601562500
655.960937500000
656.281738281250
656.597167968750
656.917968750000
657.234375000000
657.554687500000
657.875000000000
658.191406250000
658.510742187500
658.828125000000
659.145900761514
659.466796875000
659.781250000000
660.101562500000
660.417968750000
660.734543497822
661.055175781250
661.375000000000
661.691406250000
662.011718750000
662.324218750000
662.644531250000
662.960937500000
663.281250000000
663.599609375000
663.906250000000
664.231445312500
664.547247011276
664.866699218750
665.183593750000
665.499511718750
665.816406250000
666.133554799698
666.450683593750
666.765625000000
667.082031250000
667.399902343750
667.738281250000
668.031250000000
668.345955882580
668.664062500000
668.980468750000
669.296875000000
669.610839843750