0.133789062500000
0.882812500000000
1.58447265625000
2.28613281250000
2.99316406250000
3.69580078125000
4.37841796875000
5.03857421875000
5.68066406250000
6.33251953125000
7.00390625000000
7.65234375000000
8.29052734375000
8.90527343750000
9.49902343750000
10.0791015625000
10.6601562500000
11.2490234375000
11.8349609375000
12.4301757812500
13.0200195312500
13.6079101562500
14.1938476562500
14.7744140625000
15.3544921875000
15.9384765625000
16.5390625000000
17.1479492187500
17.7666015625000
18.3627929687500
18.9511718750000
19.5224609375000
20.0947265625000
20.6899414062500
21.3037109375000
21.9204101562500
22.5361328125000
23.1391601562500
23.7241210937500
24.3007812500000
24.8745117187500
25.4516601562500
26.0537109375000
26.6708984375000
27.2827148437500
27.8867187500000
28.4980468750000
29.0932617187500
29.6821289062500
30.2607421875000
30.8286132812500
31.3969726562500
31.9760742187500
32.5668945312500
33.1474609375000
33.7270507812500
34.2983398437500
34.8647460937500
35.4301757812500
35.9873046875000
36.5571289062500
37.1352539062500
37.7270507812500
38.3261718750000
38.9267578125000
39.5063476562500
40.0800781250000
40.6625976562500
41.2426757812500
41.8325195312500
42.4462890625000
43.0981445312500
43.7573242187500
44.3974609375000
45.0283203125000
45.6333007812500
46.2304687500000
46.8222656250000
47.4106445312500
48.0039062500000
48.6210937500000
49.2592773437500
49.8872070312500
50.5068359375000
51.1108398437500
51.6987304687500
52.2797851562500
52.8535156250000
53.4360351562500
54.0419921875000
54.6552734375000
55.2792968750000
55.9057617187500
56.5278320312500
57.1372070312500
57.7285156250000
58.3144531250000
58.9038085937500
59.5131835937500
60.1230468750000
60.7343750000000
61.3408203125000
61.9316406250000
62.5112304687500
63.0839843750000
63.6528320312500
64.2333984375000
64.8398437500000
65.4531250000000
66.0742187500000
66.7119140625000
67.3359375000000
67.9516601562500
68.5556640625000
69.1416015625000
69.7260742187500
70.3085937500000
70.9028320312500
71.5019531250000
72.1132812500000
72.7402343750000
73.3540039062500
73.9638671875000
74.5634765625000
75.1572265625000
75.7573242187500
76.3769531250000
77.0126953125000
77.6499023437500
78.2783203125000
78.8935546875000
79.4916992187500
80.0854492187500
80.6713867187500
81.2534179687500
81.8437500000000
82.4501953125000
83.0834960937500
83.7226562500000
84.3554687500000
84.9677734375000
85.5703125000000
86.1733398437500
86.7817382812500
87.3857421875000
87.9858398437500
88.5810546875000
89.1655273437500
89.7382812500000
90.3061523437500
90.8725585937500
91.4584960937500
92.0566406250000
92.6694335937500
93.2851562500000
93.8911132812500
94.4921875000000
95.0844726562500
95.6699218750000
96.2514648437500
96.8325195312500
97.4296875000000
98.0229492187500
98.6162109375000
99.1977539062500
99.7607421875000
100.314453125000
100.856933593750
101.394042968750
101.929687500000
102.469238281250
103.021972656250
103.592773437500
104.165527343750
104.737792968750
105.312500000000
105.874511718750
106.428222656250
106.975585937500
107.525878906250
108.093261718750
108.688964843750
109.285644531250
109.880859375000
110.475097656250
111.051757812500
111.617675781250
112.172363281250
112.714843750000
113.250976562500
113.781250000000
114.326171875000
114.881835937500
115.446289062500
116.011230468750
116.571289062500
117.122070312500
117.659179687500
118.193847656250
118.718261718750
119.241699218750
119.766601562500
120.306152343750
120.881347656250
121.479492187500
122.071777343750
122.668457031250
123.257812500000
123.836914062500
124.407714843750
124.962890625000
125.511718750000
126.057617187500
126.603027343750
127.157226562500
127.718261718750
128.290527343750
128.852050781250
129.414550781250
129.976074218750
130.548828125000
131.117675781250
131.678222656250
132.234863281250
132.788085937500
133.354492187500
133.938476562500
134.529785156250
135.114746093750
135.690917968750
136.272460937500
136.843750000000
137.414062500000
137.980468750000
138.553222656250
139.131347656250
139.703125000000
140.270019531250
140.828613281250
141.378906250000
141.926757812500
142.476074218750
143.039550781250
143.602050781250
144.164062500000
144.720214843750
145.277343750000
145.833007812500
146.395019531250
146.968261718750
147.536132812500
148.103027343750
148.663574218750
149.230957031250
149.797363281250
150.348632812500
150.894531250000
151.426757812500
151.956054687500
152.482421875000
153.010253906250
153.541992187500
154.073242187500
154.601562500000
155.122558593750
155.641113281250
156.150390625000
156.657226562500
157.165527343750
157.671386718750
158.187500000000
158.719238281250
159.263671875000
159.804687500000
160.337402343750
160.859375000000
161.376953125000
161.893554687500
162.411132812500
162.930664062500
163.462890625000
163.986328125000
164.514160156250
165.034667968750
165.550292968750
166.062988281250
166.577636718750
167.094726562500
167.624511718750
168.161132812500
168.695312500000
169.225097656250
169.742675781250
170.255371093750
170.772460937500
171.303710937500
171.844238281250
172.394531250000
172.941894531250
173.485839843750
174.027343750000
174.571777343750
175.122070312500
175.673828125000
176.223632812500
176.766601562500
177.305175781250
177.844238281250
178.398437500000
178.961425781250
179.524902343750
180.080078125000
180.631835937500
181.172851562500
181.717285156250
182.270019531250
182.826171875000
183.376464843750
183.913085937500
184.431152343750
184.950195312500
185.462402343750
185.969726562500
186.480468750000
186.997070312500
187.515136718750
188.029785156250
188.538574218750
189.041503906250
189.547851562500
190.055175781250
190.571777343750
191.093750000000
191.616210937500
192.129882812500
192.632324218750
193.131835937500
193.627441406250
194.124023437500
194.619140625000
195.118652343750
195.615234375000
196.106445312500
196.592773437500
197.079101562500
197.567871093750
198.061035156250
198.554199218750
199.046875000000
199.537597656250
200.033203125000
200.530761718750
201.033203125000
201.538574218750
202.033691406250
202.525390625000
203.017089843750
203.507812500000
203.999023437500
204.496093750000
204.989257812500
205.479980468750
205.967773437500
206.455078125000
206.946289062500
207.444824218750
207.944824218750
208.444335937500
208.934570312500
209.417968750000
209.898437500000
210.376953125000
210.856445312500
211.336914062500
211.812988281250
212.289550781250
212.766601562500
213.243652343750
213.723632812500
214.200683593750
214.673339843750
215.147949218750
215.622558593750
216.100585937500
216.576660156250
217.054687500000
217.533691406250
218.020507812500
218.507812500000
218.995117187500
219.476562500000
219.959472656250
220.440429687500
220.920898437500
221.395507812500
221.866210937500
222.332519531250
222.801269531250
223.268066406250
223.736816406250
224.198730468750
224.661132812500
225.123535156250
225.584960937500
226.045410156250
226.511230468750
226.991210937500
227.482421875000
227.973632812500
228.459472656250
228.938476562500
229.415527343750
229.891113281250
230.368164062500
230.838378906250
231.306152343750
231.774414062500
232.242675781250
232.708496093750
233.174804687500
233.640136718750
234.110351562500
234.581054687500
235.055175781250
235.529296875000
235.998535156250
236.468750000000
236.943359375000
237.420410156250
237.898437500000
238.374511718750
238.849609375000
239.324218750000
239.797363281250
240.271484375000
240.757324218750
241.257324218750
241.752929687500
242.250976562500
242.736816406250
243.215820312500
243.692382812500
244.164550781250
244.635253906250
245.107421875000
245.571289062500
246.030761718750
246.486328125000
246.940917968750
247.394531250000
247.853027343750
248.318359375000
248.788574218750
249.249511718750
249.709960937500
250.165039062500
250.622070312500
251.076171875000
251.536621093750
252.003417968750
252.478027343750
252.956054687500
253.439453125000
253.914062500000
254.384277343750
254.852050781250
255.320800781250
255.786621093750
256.251464843750
256.713867187500
257.180175781250
257.641113281250
258.101562500000
258.558593750000
259.016113281250
259.469238281250
259.925292968750
260.380859375000
260.836914062500
261.298339843750
261.766601562500
262.242187500000
262.708984375000
263.169433593750
263.632324218750
264.090332031250
264.548339843750
265.004882812500
265.464843750000
265.923339843750
266.385742187500
266.839843750000
267.292480468750
267.742187500000
268.195800781250
268.647460937500
269.101074218750
269.556152343750
270.021972656250
270.489746093750
270.953613281250
271.414550781250
271.878906250000
272.339355468750
272.797363281250
273.250000000000
273.702148437500
274.148437500000
274.601074218750
275.051757812500
275.503906250000
275.957519531250
276.413085937500
276.865722656250
277.321777343750
277.774414062500
278.230468750000
278.682128906250
279.134277343750
279.586425781250
280.040527343750
280.491699218750
280.942871093750
281.392089843750
281.842285156250
282.291992187500
282.743164062500
283.195312500000
283.648925781250
284.096191406250
284.544921875000
284.991210937500
285.437011718750
285.882812500000
286.328613281250
286.770507812500
287.210937500000
287.650878906250
288.091308593750
288.531738281250
288.974609375000
289.416015625000
289.856933593750
290.292480468750
290.729492187500
291.165039062500
291.599609375000
292.037109375000
292.478027343750
292.916015625000
293.352050781250
293.784179687500
294.215332031250
294.649414062500
295.082519531250
295.514648437500
295.945312500000
296.378417968750
296.808593750000
297.238281250000
297.666015625000
298.093261718750
298.522460937500
298.951660156250
299.379882812500
299.804687500000
300.229492187500
300.653808593750
301.078125000000
301.500976562500
301.923339843750
302.344238281250
302.761230468750
303.173339843750
303.590332031250
304.004394531250
304.418945312500
304.832031250000
305.252929687500
305.666015625000
306.080566406250
306.494140625000
306.907226562500
307.322265625000
307.738769531250
308.158691406250
308.578125000000
308.991210937500
309.403320312500
309.813964843750
310.225585937500
310.638671875000
311.055175781250
311.472656250000
311.890625000000
312.302246093750
312.712402343750
313.122558593750
313.532714843750
313.945312500000
314.362792968750
314.781738281250
315.197265625000
315.609375000000
316.021972656250
316.437988281250
316.858398437500
317.280761718750
317.702636718750
318.121582031250
318.542480468750
318.963867187500
319.388671875000
319.810058593750
320.227050781250
320.643554687500
321.059570312500
321.477050781250
321.892089843750
322.305664062500
322.717773437500
323.128417968750
323.536132812500
323.944335937500
324.354980468750
324.763671875000
325.172851562500
325.579589843750
325.986328125000
326.392089843750
326.793457031250
327.197265625000
327.602539062500
328.002929687500
328.406250000000
328.805175781250
329.204101562500
329.603027343750
329.997558593750
330.395996093750
330.793945312500
331.188964843750
331.585937500000
331.980468750000
332.374023437500
332.767089843750
333.163085937500
333.557128906250
333.953125000000
334.346679687500
334.742675781250
335.137207031250
335.530761718750
335.923339843750
336.318359375000
336.712402343750
337.108886718750
337.506835937500
337.906738281250
338.306152343750
338.706054687500
339.102539062500
339.496582031250
339.889648437500
340.284179687500
340.677734375000
341.073242187500
341.468750000000
341.862304687500
342.251953125000
342.644531250000
343.039062500000
343.429687500000
343.821289062500
344.210449218750
344.602050781250
344.992675781250
345.381347656250
345.769042968750
346.157714843750
346.548828125000
346.938964843750
347.334960937500
347.731933593750
348.127441406250
348.520996093750
348.915039062500
349.311035156250
349.706054687500
350.102539062500
350.501464843750
350.897949218750
351.291503906250
351.686523437500
352.083984375000
352.478515625000
352.874511718750
353.267578125000
353.664550781250
354.059570312500
354.454589843750
354.848632812500
355.242675781250
355.636230468750
356.033691406250
356.431640625000
356.833007812500
357.234375000000
357.636230468750
358.037597656250
358.435546875000
358.832519531250
359.232421875000
359.632812500000
360.035644531250
360.443359375000
360.852050781250
361.256835937500
361.656250000000
362.055664062500
362.454101562500
362.855468750000
363.258789062500
363.662597656250
364.066406250000
364.464843750000
364.861816406250
365.258789062500
365.656738281250
366.055664062500
366.456542968750
366.857910156250
367.259765625000
367.656250000000
368.052734375000
368.449707031250
368.848144531250
369.247558593750
369.648925781250
370.045898437500
370.438476562500
370.831542968750
371.227050781250
371.623046875000
372.021972656250
372.419433593750
372.814941406250
373.206542968750
373.601562500000
373.996093750000
374.389648437500
374.782714843750
375.179199218750
375.574218750000
375.967285156250
376.354492187500
376.747070312500
377.139648437500
377.530273437500
377.920898437500
378.310058593750
378.698242187500
379.086914062500
379.473144531250
379.860839843750
380.249511718750
380.636718750000
381.026855468750
381.417968750000
381.808593750000
382.196777343750
382.584472656250
382.974609375000
383.364257812500
383.758300781250
384.155761718750
384.551269531250
384.946777343750
385.337402343750
385.730957031250
386.125976562500
386.520996093750
386.914550781250
387.306152343750
387.696289062500
388.089355468750
388.483398437500
388.872558593750
389.263183593750
389.653320312500
390.040527343750
390.429199218750
390.817871093750
391.207031250000
391.595703125000
391.981933593750
392.369140625000
392.757812500000
393.142089843750
393.524902343750
393.911132812500
394.298828125000
394.687500000000
395.077636718750
395.463867187500
395.848144531250
396.234863281250
396.619140625000
397.006835937500
397.391113281250
397.777343750000
398.157226562500
398.541015625000
398.923828125000
399.305664062500
399.686523437500
400.062988281250
400.437988281250
400.812988281250
401.187988281250
401.564453125000
401.944335937500
402.323242187500
402.706542968750
403.085449218750
403.467285156250
403.848144531250
404.230468750000
404.610839843750
404.992675781250
405.372558593750
405.751464843750
406.129882812500
406.508300781250
406.889648437500
407.273437500000
407.657226562500
408.041992187500
408.424316406250
408.806640625000
409.193359375000
409.577636718750
409.958984375000
410.339355468750
410.721191406250
411.096191406250
411.477050781250
411.854003906250
412.230957031250
412.608886718750
412.988281250000
413.365234375000
413.739746093750
414.118164062500
414.499023437500
414.878417968750
415.260742187500
415.643066406250
416.023925781250
416.405761718750
416.789062500000
417.168945312500
417.549316406250
417.929199218750
418.306152343750
418.683593750000
419.060546875000
419.434570312500
419.811523437500
420.188476562500
420.566894531250
420.945312500000
421.325683593750
421.699218750000
422.076171875000
422.453125000000
422.827636718750
423.201171875000
423.574218750000
423.942871093750
424.312011718750
424.679199218750
425.048339843750
425.419921875000
425.790039062500
426.164062500000
426.533203125000
426.906250000000
427.278320312500
427.650390625000
428.021972656250
428.393066406250
428.764160156250
429.133789062500
429.501953125000
429.871093750000
430.239746093750
430.610351562500
430.983886718750
431.356445312500
431.729492187500
432.101074218750
432.474609375000
432.845214843750
433.217285156250
433.585937500000
433.954101562500
434.323242187500
434.692871093750
435.060058593750
435.425292968750
435.792480468750
436.158691406250
436.524414062500
436.892089843750
437.261718750000
437.632324218750
438.003906250000
438.372558593750
438.743164062500
439.115722656250
439.486328125000
439.857910156250
440.228515625000
440.594726562500
440.961914062500
441.331542968750
441.702636718750
442.074707031250
442.447753906250
442.823730468750
443.198730468750
443.573730468750
443.952636718750
444.330566406250
444.709472656250
445.086914062500
445.463378906250
445.838378906250
446.216308593750
446.592285156250
446.966796875000
447.341796875000
447.717773437500
448.092285156250
448.463378906250
448.838867187500
449.216308593750
449.589355468750
449.968750000000
450.342773437500
450.719726562500
451.095214843750
451.468750000000
451.845214843750
452.218261718750
452.585937500000
452.953125000000
453.320312500000
453.689453125000
454.062500000000
454.433105468750
454.806640625000
455.176757812500
455.548339843750
455.921875000000
456.294433593750
456.665039062500
457.035644531250
457.402832031250
457.769531250000
458.133789062500
458.499023437500
458.866210937500
459.230468750000
459.601074218750
459.967773437500
460.335937500000
460.702636718750
461.069824218750
461.435546875000
461.798828125000
462.159179687500
462.519042968750
462.879394531250
463.241210937500
463.604980468750
463.967773437500
464.333007812500
464.695312500000
465.057128906250
465.422363281250
465.783691406250
466.146484375000
466.512207031250
466.876953125000
467.242675781250
467.611816406250
467.979003906250
468.353027343750
468.724121093750
469.096679687500
469.469726562500
469.839843750000
470.211914062500
470.582031250000
470.949707031250
471.316894531250
471.686523437500
472.059570312500
472.436035156250
472.809570312500
473.186523437500
473.560058593750
473.936035156250
474.312500000000
474.687011718750
475.062500000000
475.436523437500
475.804687500000
476.172851562500
476.541992187500
476.912597656250
477.282226562500
477.655273437500
478.026367187500
478.397949218750
478.770996093750
479.141601562500
479.517089843750
479.888671875000
480.259765625000
480.631347656250
481.004394531250
481.375000000000
481.744140625000
482.113281250000
482.480957031250
482.850097656250
483.217285156250
483.588378906250
483.958496093750
484.329101562500
484.696289062500
485.068847656250
485.437500000000
485.808593750000
486.176269531250
486.545410156250
486.908203125000
487.274414062500
487.640136718750
488.007324218750
488.373535156250
488.739257812500
489.104492187500
489.469726562500
489.834960937500
490.200195312500
490.563964843750
490.930175781250
491.292480468750
491.650390625000
492.009277343750
492.368652343750
492.729980468750
493.090820312500
493.453125000000
493.813476562500
494.173828125000
494.536132812500
494.896484375000
495.254394531250
495.610351562500
495.968750000000
496.326171875000
496.680664062500
497.040039062500
497.395996093750
497.754882812500
498.109863281250
498.467285156250
498.819824218750
499.172851562500
499.524414062500
499.878417968750
500.231933593750
500.585937500000
500.940917968750
501.296386718750
501.654296875000
502.007324218750
502.362304687500
502.713378906250
503.063964843750
503.415527343750
503.767578125000
504.120117187500
504.472167968750
504.823242187500
505.176757812500
505.527832031250
505.876953125000
506.227539062500
506.579101562500
506.929687500000
507.281250000000
507.633789062500
507.991699218750
508.344726562500
508.696777343750
509.051269531250
509.402343750000
509.750000000000
510.102050781250
510.455566406250
510.811523437500
511.164550781250
511.521972656250
511.880371093750
512.236328125000
512.592285156250
512.948242187500
513.302734375000
513.659179687500
514.015625000000
514.371582031250
514.727539062500
515.086425781250
515.443359375000
515.797851562500
516.153320312500
516.503417968750
516.850585937500
517.200195312500
517.551757812500
517.902343750000
518.258789062500
518.610351562500
518.965332031250
519.315429687500
519.669921875000
520.021484375000
520.373535156250
520.725097656250
521.074218750000
521.426757812500
521.777832031250
522.133789062500
522.488281250000
522.841796875000
523.191406250000
523.542968750000
523.890625000000
524.240722656250
524.593750000000
524.945800781250
525.299316406250
525.655761718750
526.009277343750
526.361816406250
526.717285156250
527.069824218750
527.422851562500
527.774902343750
528.126953125000
528.480468750000
528.833007812500
529.189453125000
529.543945312500
529.897949218750
530.250000000000
530.602539062500
530.951171875000
531.299804687500
531.649902343750
532.001953125000
532.353027343750
532.710449218750
533.063476562500
533.415527343750
533.767578125000
534.121582031250
534.472167968750
534.821777343750
535.175781250000
535.527343750000
535.878417968750
536.234375000000
536.588378906250
536.941894531250
537.299316406250
537.652832031250
538.002441406250
538.353515625000
538.706054687500
539.060546875000
539.414062500000
539.770507812500
540.125976562500
540.483398437500
540.842285156250
541.197753906250
541.554687500000
541.907714843750
542.258300781250
542.609375000000
542.959960937500
543.313476562500
543.664062500000
544.020996093750
544.373535156250
544.728027343750
545.084472656250
545.438476562500
545.791503906250
546.145019531250
546.492187500000
546.840820312500
547.188476562500
547.540039062500
547.888671875000
548.240722656250
548.591796875000
548.945312500000
549.297363281250
549.648437500000
550
550.347656250000
550.695312500000
551.041015625000
551.389160156250
551.739746093750
552.090332031250
552.439453125000
552.789062500000
553.139160156250
553.483886718750
553.830566406250
554.176269531250
554.523925781250
554.868652343750
555.217773437500
555.564941406250
555.913574218750
556.263671875000
556.609375000000
556.957031250000
557.301757812500
557.644042968750
557.985839843750
558.331542968750
558.678710937500
559.022460937500
559.368652343750
559.714355468750
560.058105468750
560.401367187500
560.744628906250
561.087890625000
561.433593750000
561.775878906250
562.123535156250
562.469726562500
562.813964843750
563.158691406250
563.499511718750
563.839843750000
564.180664062500
564.524414062500
564.868164062500
565.212890625000
565.559570312500
565.904785156250
566.248046875000
566.590820312500
566.935546875000
567.279296875000
567.622558593750
567.968261718750
568.312500000000
568.662597656250
569.007812500000
569.354492187500
569.697753906250
570.039550781250
570.380859375000
570.723632812500
571.068359375000
571.413085937500
571.759277343750
572.104492187500
572.449218750000
572.797851562500
573.143066406250
573.491699218750
573.835937500000
574.182617187500
574.529785156250
574.875976562500
575.224121093750
575.569824218750
575.917480468750
576.264160156250
576.604980468750
576.946777343750
577.291015625000
577.635253906250
577.980957031250
578.328613281250
578.673339843750
579.020507812500
579.365722656250
579.711914062500
580.059082031250
580.403320312500
580.747070312500
581.090332031250
581.436035156250
581.783203125000
582.127929687500
582.476562500000
582.821289062500
583.164550781250
583.508789062500
583.852539062500
584.196777343750
584.539062500000
584.888671875000
585.231933593750
585.580078125000
585.926269531250
586.270507812500
586.616699218750
586.957031250000
587.297363281250
587.638183593750
587.982910156250
588.326171875000
588.669433593750
589.017578125000
589.361816406250
589.706542968750
590.051757812500
590.395507812500
590.737792968750
591.082031250000
591.423828125000
591.768554687500
592.113769531250
592.459960937500
592.803222656250
593.148925781250
593.489746093750
593.829101562500
594.170410156250
594.511230468750
594.857421875000
595.198242187500
595.541992187500
595.887207031250
596.228515625000
596.569824218750
596.911621093750
597.253417968750
597.593750000000
597.938476562500
598.280761718750
598.627929687500
598.970703125000
599.312988281250
599.656250000000
599.997558593750
600.337402343750
600.679687500000
601.022460937500
601.366699218750
601.712402343750
602.056152343750
602.402832031250
602.743164062500
603.083496093750
603.422851562500
603.765136718750
604.106445312500
604.451171875000
604.796386718750
605.139160156250
605.482421875000
605.826660156250
606.170410156250
606.510742187500
606.850097656250
607.190917968750
607.533203125000
607.876464843750
608.219726562500
608.564941406250
608.904785156250
609.242675781250
609.580566406250
609.921386718750
610.261230468750
610.603515625000
610.943847656250
611.285156250000
611.628417968750
611.967773437500
612.308593750000
612.647949218750
612.984863281250
613.323242187500
613.663085937500
614.004394531250
614.345214843750
614.686523437500
615.024902343750
615.361816406250
615.697265625000
616.035644531250
616.373535156250
616.713867187500
617.053710937500
617.392089843750
617.730468750000
618.071777343750
618.409179687500
618.748046875000
619.085449218750
619.423339843750
619.761230468750
620.103027343750
620.441406250000
620.782226562500
621.117675781250
621.453125000000
621.789062500000
622.126464843750
622.463867187500
622.802734375000
623.145019531250
623.483398437500
623.822753906250
624.162109375000
624.499511718750
624.839843750000
625.178710937500
625.519042968750
625.859863281250
626.200195312500
626.538085937500
626.876953125000
627.211425781250
627.546875000000
627.884277343750
628.221191406250
628.561035156250
628.901367187500
629.239257812500
629.576660156250
629.913574218750
630.250976562500
630.585449218750
630.923339843750
631.257324218750
631.595214843750
631.930175781250
632.265136718750
632.599609375000
632.931152343750
633.265136718750
633.598632812500
633.933593750000
634.267089843750
634.602539062500
634.932128906250
635.262695312500
635.594238281250
635.924316406250
636.260742187500
636.591796875000
636.927246093750
637.258789062500
637.592773437500
637.926757812500
638.259765625000
638.590332031250
638.921386718750
639.255859375000
639.588378906250
639.920898437500
640.257324218750
640.585449218750
640.914550781250
641.245605468750
641.579101562500
641.910644531250
642.248535156250
642.580078125000
642.915039062500
643.248046875000
643.582519531250
643.917480468750
644.250488281250
644.584472656250
644.921875000000
645.256835937500
645.593750000000
645.927246093750
646.253906250000
646.585449218750
646.919433593750
647.249511718750
647.584960937500
647.916503906250
648.250976562500
648.583007812500
648.915527343750
649.248046875000
649.580078125000
649.911132812500
650.245117187500
650.579589843750
650.908691406250
651.242675781250
651.571289062500
651.900390625000
652.233398437500
652.565429687500
652.898437500000
653.232910156250
653.565917968750
653.894042968750
654.224609375000
654.555664062500
654.885742187500
655.220703125000
655.553222656250
655.886718750000
656.219238281250
656.553710937500
656.885253906250
657.217285156250
657.549316406250
657.882324218750
658.220214843750
658.550292968750
658.884765625000
659.214843750000
659.545410156250
659.876464843750
660.211914062500
660.542968750000
660.881835937500
661.216796875000
661.549804687500
661.883789062500
662.219238281250
662.553222656250
662.890625000000
663.224609375000
663.562011718750
663.896972656250
664.229492187500
664.564941406250
664.898925781250
665.225097656250
665.555664062500
665.887695312500
666.217285156250
666.552246093750
666.883789062500
667.214355468750
667.545898437500
667.879882812500
668.208984375000
668.537597656250
668.868164062500
669.198730468750
669.529785156250
669.859863281250
670.190917968750
670.516113281250
670.843261718750
671.170410156250
671.499023437500
671.830078125000
672.157714843750
672.488281250000
672.815429687500
673.148437500000
673.477539062500
673.804199218750
674.133789062500
674.463867187500
674.792968750000
675.123535156250
675.451171875000
675.772460937500
676.099121093750
676.428710937500
676.755859375000
677.085937500000
677.414550781250
677.741699218750
678.068847656250
678.395996093750
678.726562500000
679.054687500000
679.384765625000
679.714843750000
680.041503906250
680.370605468750
680.695800781250
681.019531250000
681.350097656250
681.678222656250
682.007812500000
682.337890625000
682.666015625000
682.995117187500
683.327148437500
683.657226562500
683.993652343750
684.322753906250
684.657714843750
684.991210937500
685.321777343750
685.658691406250
685.988769531250
686.316894531250
686.646972656250
686.981933593750
687.312011718750
687.646484375000
687.980468750000
688.312988281250
688.646972656250
688.980468750000
689.313964843750
689.649414062500
689.982910156250
690.314941406250
690.652832031250
690.986328125000
691.327148437500
691.659179687500
691.987304687500
692.316894531250
692.648437500000
692.978027343750
693.312988281250
693.646972656250
693.979980468750
694.309082031250
694.643066406250
694.974121093750
695.301757812500
695.633300781250
695.967285156250
696.294921875000
696.627929687500
696.955078125000
697.282714843750
697.609863281250
697.937011718750
698.265136718750