0.581542968750000
1.18066406250000
1.81250000000000
2.45410156250000
3.10253906250000
3.72216796875000
4.33593750000000
4.93750000000000
5.51806640625000
6.09326171875000
6.65771484375000
7.22021484375000
7.76855468750000
8.33593750000000
8.87548828125000
9.42089843750000
9.96386718750000
10.5009765625000
11.0322265625000
11.5634765625000
12.0927734375000
12.6113281250000
13.1235351562500
13.6347656250000
14.1459960937500
14.6538085937500
15.1494140625000
15.6489257812500
16.1450195312500
16.6401367187500
17.1269531250000
17.6176757812500
18.0981445312500
18.5834960937500
19.0673828125000
19.5493164062500
20.0302734375000
20.5102539062500
20.9902343750000
21.4677734375000
21.9570312500000
22.4257812500000
22.9023437500000
23.3833007812500
23.8671875000000
24.3432617187500
24.8198242187500
25.2978515625000
25.7758789062500
26.2573242187500
26.7373046875000
27.2187500000000
27.7109375000000
28.1860351562500
28.6865234375000
29.1855468750000
29.6860351562500
30.1850585937500
30.6879882812500
31.1948242187500
31.7001953125000
32.2060546875000
32.7070312500000
33.2036132812500
33.7021484375000
34.1958007812500
34.6835937500000
35.1699218750000
35.6582031250000
36.1411132812500
36.6254882812500
37.1098632812500
37.5942382812500
38.0869140625000
38.5644531250000
39.0488281250000
39.5390625000000
40.0302734375000
40.5175781250000
41.0146484375000
41.5004882812500
41.9858398437500
42.4760742187500
42.9624023437500
43.4458007812500
43.9316406250000
44.4179687500000
44.9052734375000
45.3916015625000
45.8759765625000
46.3652343750000
46.8525390625000
47.3447265625000
47.8388671875000
48.3320312500000
48.8261718750000
49.3198242187500
49.8120117187500
50.3017578125000
50.7905273437500
51.2744140625000
51.7592773437500
52.2436523437500
52.7265625000000
53.2060546875000
53.6879882812500
54.1743164062500
54.6596679687500
55.1455078125000
55.6342773437500
56.1250000000000
56.6157226562500
57.1093750000000
57.6035156250000
58.0932617187500
58.5834960937500
59.0727539062500
59.5581054687500
60.0468750000000
60.5356445312500
61.0190429687500
61.5014648437500
61.9829101562500
62.4658203125000
62.9438476562500
63.4238281250000
63.9042968750000
64.3793945312500
64.8540039062500
65.3305664062500
65.8051757812500
66.2758789062500
66.7509765625000
67.2246093750000
67.7006835937500
68.1796875000000
68.6552734375000
69.1386718750000
69.6328125000000
70.1328125000000
70.6401367187500
71.1562500000000
71.6772460937500
72.1967773437500
72.7192382812500
73.2490234375000
73.7753906250000
74.3085937500000
74.8432617187500
75.3847656250000
75.9282226562500
76.4741210937500
77.0253906250000
77.5747070312500
78.1093750000000
78.6416015625000
79.1704101562500
79.6875000000000
80.2084960937500
80.7250976562500
81.2416992187500
81.7534179687500
82.2685546875000
82.7851562500000
83.2968750000000
83.8027343750000
84.3066406250000
84.8115234375000
85.3217773437500
85.8330078125000
86.3398437500000
86.8457031250000
87.3598632812500
87.8671875000000
88.3745117187500
88.8764648437500
89.3818359375000
89.8837890625000
90.3872070312500
90.8867187500000
91.3911132812500
91.8911132812500
92.3916015625000
92.8945312500000
93.3989257812500
93.9047851562500
94.4072265625000
94.9130859375000
95.4130859375000
95.9194335937500
96.4316406250000
96.9433593750000
97.4531250000000
97.9682617187500
98.4873046875000
99.0092773437500
99.5322265625000
100.057617187500
100.584472656250
101.107910156250
101.625976562500
102.145507812500
102.647460937500
103.146972656250
103.640625000000
104.132812500000
104.616210937500
105.101562500000
105.581542968750
106.062500000000
106.544433593750
107.029296875000
107.518554687500
108.015136718750
108.516601562500
109.030761718750
109.542480468750
110.062011718750
110.590332031250
111.123535156250
111.666015625000
112.207031250000
112.740234375000
113.264160156250
113.788574218750
114.316894531250
114.852050781250
115.388183593750
115.921875000000
116.458496093750
116.990722656250
117.514160156250
118.030273437500
118.547363281250
119.064453125000
119.592773437500
120.117187500000
120.644042968750
121.165039062500
121.686035156250
122.204589843750
122.720214843750
123.236328125000
123.755859375000
124.282226562500
124.812500000000
125.350097656250
125.888183593750
126.429687500000
126.957031250000
127.482421875000
128.008789062500
128.525390625000
129.044433593750
129.558105468750
130.071289062500
130.586914062500
131.097656250000
131.613769531250
132.131835937500
132.647460937500
133.170898437500
133.689453125000
134.211914062500
134.739257812500
135.261718750000
135.783203125000
136.304199218750
136.823242187500
137.336914062500
137.841796875000
138.345214843750
138.843261718750
139.342773437500
139.843261718750
140.340820312500
140.844238281250
141.340820312500
141.840820312500
142.340332031250
142.838867187500
143.340820312500
143.842285156250
144.341796875000
144.844726562500
145.351074218750
145.856445312500
146.368652343750
146.887207031250
147.405273437500
147.922363281250
148.449707031250
148.967773437500
149.485839843750
150.001953125000
150.512207031250
151.023437500000
151.531250000000
152.030761718750
152.532714843750
153.033691406250
153.530761718750
154.031738281250
154.530273437500
155.020996093750
155.512695312500
156
156.485839843750
156.976074218750
157.461425781250
157.958496093750
158.459960937500
158.968261718750
159.478515625000
159.994140625000
160.508300781250
161.016113281250
161.526367187500
162.040527343750
162.561523437500
163.069824218750
163.583496093750
164.090820312500
164.595214843750
165.102539062500
165.610351562500
166.121582031250
166.625488281250
167.132812500000
167.645019531250
168.153808593750
168.663574218750
169.158691406250
169.664550781250
170.170898437500
170.683105468750
171.199707031250
171.713867187500
172.235839843750
172.755859375000
173.279785156250
173.805175781250
174.332519531250
174.862304687500
175.388671875000
175.916503906250
176.443847656250
176.969726562500
177.498535156250
178.022949218750
178.547851562500
179.071289062500
179.585937500000
180.092285156250
180.594238281250
181.094726562500
181.590332031250
182.084960937500
182.579589843750
183.078613281250
183.570800781250
184.057128906250
184.545410156250
185.031250000000
185.514648437500
185.998046875000
186.483886718750
186.966796875000
187.455078125000
187.945312500000
188.428710937500
188.925292968750
189.418457031250
189.916015625000
190.413574218750
190.913085937500
191.409179687500
191.903808593750
192.399414062500
192.892578125000
193.385742187500
193.874511718750
194.359863281250
194.846191406250
195.329589843750
195.808593750000
196.288574218750
196.767578125000
197.246582031250
197.727050781250
198.209960937500
198.692382812500
199.173339843750
199.656250000000
200.139160156250
200.622558593750
201.113769531250
201.607421875000
202.101074218750
202.593750000000
203.084472656250
203.573730468750
204.053710937500
204.531738281250
205.009765625000
205.484863281250
205.955078125000
206.424316406250
206.896484375000
207.363281250000
207.828613281250
208.295410156250
208.762695312500
209.226562500000
209.690917968750
210.153808593750
210.613769531250
211.073730468750
211.539062500000
212.003417968750
212.468261718750
212.935058593750
213.402832031250
213.872070312500
214.335937500000
214.800781250000
215.264648437500
215.721191406250
216.182128906250
216.632324218750
217.086425781250
217.542480468750
217.996093750000
218.449218750000
218.903808593750
219.359375000000
219.812011718750
220.267089843750
220.722656250000
221.175781250000
221.628906250000
222.086914062500
222.542480468750
223.002441406250
223.461914062500
223.920410156250
224.379394531250
224.843261718750
225.304687500000
225.764648437500
226.224121093750
226.681640625000
227.140136718750
227.601562500000
228.062988281250
228.531250000000
228.999511718750
229.467773437500
229.936523437500
230.407714843750
230.879882812500
231.349609375000
231.820312500000
232.289550781250
232.761230468750
233.233886718750
233.705566406250
234.176757812500
234.648925781250
235.122558593750
235.595214843750
236.069335937500
236.540527343750
237.013183593750
237.485839843750
237.956054687500
238.428222656250
238.897460937500
239.367675781250
239.843750000000
240.298339843750
240.761230468750
241.226074218750
241.697753906250
242.161621093750
242.614746093750
243.077148437500
243.536132812500
244.007812500000
244.455566406250
244.915527343750
245.375488281250
245.824218750000
246.274414062500
246.724609375000
247.174316406250
247.621093750000
248.066406250000
248.516113281250
248.960937500000
249.408203125000
249.859375000000
250.292968750000
250.734375000000
251.172851562500
251.613281250000
252.053710937500
252.494628906250
252.933593750000
253.374511718750
253.812011718750
254.250976562500
254.693359375000
255.134765625000
255.572265625000
256.023925781250
256.454589843750
256.897460937500
257.334472656250
257.773437500000
258.210937500000
258.649414062500
259.089843750000
259.527343750000
259.968750000000
260.406738281250
260.844238281250
261.285644531250
261.727539062500
262.172851562500
262.618164062500
263.063964843750
263.515136718750
263.962402343750
264.416503906250
264.868652343750
265.320312500000
265.769531250000
266.219238281250
266.667480468750
267.110839843750
267.559570312500
268.003417968750
268.447265625000
268.894042968750
269.341308593750
269.790039062500
270.237304687500
270.681640625000
271.125000000000
271.565917968750
272.007812500000
272.446777343750
272.892089843750
273.324218750000
273.758300781250
274.197753906250
274.635253906250
275.073242187500
275.509765625000
275.945312500000
276.376464843750
276.812500000000
277.250000000000
277.683593750000
278.117187500000
278.549316406250
278.977050781250
279.408691406250
279.838378906250
280.268554687500
280.698242187500
281.126953125000
281.554687500000
281.977539062500
282.406250000000
282.837402343750
283.268066406250
283.702636718750
284.135253906250
284.563964843750
284.998535156250
285.434570312500
285.871582031250
286.305664062500
286.739746093750
287.171875000000
287.604492187500
288.037597656250
288.469238281250
288.905761718750
289.328125000000
289.758789062500
290.188964843750
290.622558593750
291.054199218750
291.484375000000
291.928710937500
292.353027343750
292.784667968750
293.221679687500
293.658691406250
294.102539062500
294.534667968750
294.961425781250
295.392578125000
295.825683593750
296.252441406250
296.681152343750
297.114257812500
297.538574218750
297.958984375000
298.385742187500
298.812011718750
299.235839843750
299.659179687500
300.085937500000
300.507324218750
300.921875000000
301.343261718750
301.765625000000
302.184570312500
302.605957031250
303.025878906250
303.447265625000
303.869140625000
304.290039062500
304.718750000000
305.131347656250
305.550781250000
305.968750000000
306.388671875000
306.806152343750
307.225097656250
307.642578125000
308.062500000000
308.476562500000
308.894042968750
309.313964843750
309.732910156250
310.153320312500
310.572265625000
310.994140625000
311.423828125000
311.830566406250
312.259277343750
312.680664062500
313.104980468750
313.531738281250
313.957031250000
314.383789062500
314.819335937500
315.250488281250
315.670898437500
316.102050781250
316.532226562500
316.962890625000
317.398437500000
317.820800781250
318.250000000000
318.678710937500
319.108886718750
319.539062500000
319.966796875000
320.395507812500
320.833007812500
321.252929687500
321.680175781250
322.104492187500
322.530273437500
322.954589843750
323.376464843750
323.796386718750
324.214355468750
324.632812500000
325.044433593750
325.460449218750
325.875000000000
326.288085937500
326.703125000000
327.113769531250
327.524414062500
327.937011718750
328.345214843750
328.765625000000
329.160644531250
329.574218750000
329.984863281250
330.394531250000
330.805175781250
331.218750000000
331.625488281250
332.035156250000
332.446777343750
332.857421875000
333.272460937500
333.695800781250
334.101562500000
334.515625000000
334.936523437500
335.351562500000
335.769531250000
336.187011718750
336.609375000000
337.015136718750
337.425781250000
337.837402343750
338.252441406250
338.656738281250
339.066406250000
339.476562500000
339.884277343750
340.292968750000
340.701660156250
341.106445312500
341.515625000000
341.916015625000
342.320312500000
342.723144531250
343.132324218750
343.536132812500
343.941894531250
344.343261718750
344.744140625000
345.146972656250
345.548339843750
345.951660156250
346.363281250000
346.753906250000
347.156738281250
347.567871093750
347.960937500000
348.362304687500
348.766113281250
349.173828125000
349.579589843750
349.985839843750
350.395996093750
350.806640625000
351.225585937500
351.629394531250
352.050781250000
352.454101562500
352.875000000000
353.290039062500
353.704589843750
354.120605468750
354.535156250000
354.948242187500
355.363281250000
355.770996093750
356.174316406250
356.585937500000
356.988281250000
357.401367187500
357.818847656250
358.228515625000
358.632324218750
359.036132812500
359.440429687500
359.844238281250
360.245605468750
360.646972656250
361.047363281250
361.442382812500
361.852539062500
362.237792968750
362.639160156250
363.044921875000
363.445800781250
363.833007812500
364.232910156250
364.626464843750
365.021972656250
365.413574218750
365.805175781250
366.195800781250
366.584472656250
366.975585937500
367.364257812500
367.752929687500
368.140625000000
368.527343750000
368.914550781250
369.304687500000
369.683593750000
370.070312500000
370.452148437500
370.835937500000
371.216796875000
371.614257812500
372.002929687500
372.380859375000
372.750000000000
373.134277343750
373.518066406250
373.906250000000
374.287109375000
374.669433593750
375.038574218750
375.421875000000
375.799316406250
376.181152343750
376.559570312500
376.938476562500
377.318359375000
377.697265625000
378.070312500000
378.447753906250
378.820800781250
379.196289062500
379.571777343750
379.946289062500
380.316406250000
380.690917968750
381.062988281250
381.432617187500
381.802246093750
382.172363281250
382.544433593750
382.913574218750
383.281738281250
383.657226562500
384.021484375000
384.392578125000
384.761230468750
385.129882812500
385.496093750000
385.874511718750
386.238769531250
386.608398437500
386.968750000000
387.328125000000
387.702148437500
388.064453125000
388.415527343750
388.793457031250
389.150390625000
389.511230468750
389.873535156250
390.243164062500
390.597167968750
390.958984375000
391.321289062500
391.688476562500
392.047363281250
392.407714843750
392.770507812500
393.134765625000
393.497070312500
393.860351562500
394.222656250000
394.589355468750
394.954101562500
395.319824218750
395.681152343750
396.046875000000
396.414550781250
396.776855468750
397.145507812500
397.514160156250
397.880371093750
398.250488281250
398.617187500000
398.979003906250
399.360351562500
399.718750000000
400.079589843750
400.446289062500
400.821777343750
401.180664062500
401.554687500000
401.909179687500
402.274414062500
402.641601562500
403.011718750000
403.364257812500
403.727539062500
404.088378906250
404.451660156250
404.812011718750
405.185058593750
405.539550781250
405.903808593750
406.264160156250
406.639648437500
406.988769531250
407.352050781250
407.724609375000
408.077148437500
408.444824218750
408.804687500000
409.172851562500
409.534667968750
409.907714843750
410.281250000000
410.642089843750
411.008789062500
411.378417968750
411.750976562500
412.119628906250
412.489257812500
412.862304687500
413.233886718750
413.603027343750
413.972656250000
414.343261718750
414.721191406250
415.086425781250
415.458007812500
415.826660156250
416.203125000000
416.581542968750
416.962890625000
417.341796875000
417.705078125000
418.083496093750
418.458007812500
418.844238281250
419.213867187500
419.594726562500
419.960937500000
420.324218750000
420.691406250000
421.064453125000
421.435058593750
421.804687500000
422.172363281250
422.539062500000
422.909179687500
423.276367187500
423.654785156250
424.015136718750
424.383789062500
424.752441406250
425.128417968750
425.493652343750
425.855957031250
426.224121093750
426.588867187500
426.956054687500
427.332519531250
427.686035156250
428.054687500000
428.416992187500
428.782226562500
429.145996093750
429.515625000000
429.867675781250
430.229980468750
430.586425781250
430.950683593750
431.310058593750
431.669433593750
432.029296875000
432.390136718750
432.745605468750
433.104980468750
433.468750000000
433.826660156250
434.185058593750
434.546386718750
434.903808593750
435.264648437500
435.624511718750
435.980957031250
436.343261718750
436.704589843750
437.064941406250
437.425781250000
437.797363281250
438.150390625000
438.520507812500
438.875000000000
439.229003906250
439.593261718750
439.953613281250
440.306640625000
440.658203125000
441.011718750000
441.368652343750
441.726562500000
442.084472656250
442.436035156250
442.793457031250
443.154785156250
443.512207031250
443.868164062500
444.227539062500
444.595214843750
444.954589843750
445.319335937500
445.669433593750
446.029785156250
446.390136718750
446.759277343750
447.125000000000
447.470214843750
447.842285156250
448.191894531250
448.551269531250
448.920898437500
449.280273437500
449.630859375000
450
450.358398437500
450.707519531250
451.063964843750
451.422851562500
451.783691406250
452.141113281250
452.501464843750
452.862304687500
453.220703125000
453.583496093750
453.945312500000
454.303710937500
454.665039062500
455.032226562500
455.390136718750
455.750000000000
456.111816406250
456.476562500000
456.841308593750
457.206054687500
457.569824218750
457.937500000000
458.299316406250
458.664550781250
459.031250000000
459.394531250000
459.757324218750
460.124511718750
460.496582031250
460.865722656250
461.219726562500
461.590332031250
461.954589843750
462.331542968750
462.698730468750
463.058593750000
463.427246093750
463.791992187500
464.162109375000
464.527343750000
464.902343750000
465.268554687500
465.632324218750
466.000488281250
466.357910156250
466.726562500000
467.092773437500
467.465332031250
467.820800781250
468.184082031250
468.550781250000
468.920898437500
469.275390625000
469.639648437500
470.004394531250
470.365722656250
470.726562500000
471.089843750000
471.446777343750
471.811523437500
472.171386718750
472.533203125000
472.888183593750
473.251464843750
473.612792968750
473.974609375000
474.328125000000
474.689453125000
475.052246093750
475.413085937500
475.769531250000
476.130371093750
476.492187500000
476.851562500000
477.220214843750
477.577636718750
477.929687500000
478.290039062500
478.657226562500
479.015136718750
479.363281250000
479.721679687500
480.085937500000
480.432128906250
480.790527343750
481.153808593750
481.497070312500
481.850585937500
482.204101562500
482.552734375000
482.907714843750
483.265136718750
483.617675781250
483.968750000000
484.322753906250
484.684570312500
485.038085937500
485.390625000000
485.746582031250
486.113281250000
486.469238281250
486.820312500000
487.179687500000
487.542480468750
487.889160156250
488.244628906250
488.602539062500
488.961914062500
489.305664062500
489.662109375000
490.016113281250
490.371093750000
490.721191406250
491.077636718750
491.431640625000
491.789550781250
492.137695312500
492.494140625000
492.852050781250
493.208496093750
493.558593750000
493.915527343750
494.272949218750
494.632812500000
494.984375000000
495.343261718750
495.708984375000
496.064941406250
496.415527343750
496.773437500000
497.135742187500
497.483398437500
497.835937500000
498.188964843750
498.558593750000
498.905273437500
499.261718750000
499.606933593750
499.957031250000
500.308105468750
500.666503906250
501.020507812500
501.369140625000
501.718750000000
502.076660156250
502.435058593750
502.791015625000
503.143066406250
503.500488281250
503.859375000000
504.218750000000
504.570312500000
504.928710937500
505.296875000000
505.651367187500
506.003906250000
506.365234375000
506.725585937500
507.079589843750
507.429687500000
507.790039062500
508.144531250000
508.484375000000
508.837890625000
509.204589843750
509.539062500000
509.886718750000
510.240234375000
510.583007812500
510.933105468750
511.283203125000
511.633789062500
511.977539062500
512.328125000000
512.681152343750
513.034179687500
513.378906250000
513.729003906250
514.086914062500
514.432617187500
514.789062500000
515.134765625000
515.484375000000
515.821289062500
516.168457031250
516.510253906250
516.855957031250
517.203613281250
517.548339843750
517.890625000000
518.234863281250
518.582519531250
518.937988281250
519.289062500000
519.635253906250
519.968750000000
520.318359375000
520.673828125000
521.017578125000
521.356445312500
521.698242187500
522.046875000000
522.390625000000
522.735351562500
523.072265625000
523.419433593750
523.766113281250
524.115722656250
524.457031250000
524.805664062500
525.158691406250
525.497558593750
525.858886718750
526.206542968750
526.546386718750
526.885253906250
527.226074218750
527.563476562500
527.909667968750
528.258300781250
528.599121093750
528.937500000000
529.281738281250
529.635742187500
529.977539062500
530.320312500000
530.665527343750
531.018554687500
531.357421875000
531.702636718750
532.048828125000
532.394531250000
532.737304687500
533.093750000000
533.434570312500
533.781250000000
534.117675781250
534.461914062500
534.807617187500
535.154785156250
535.493164062500
535.842773437500
536.194824218750
536.541503906250
536.882812500000
537.233398437500
537.587890625000
537.937988281250
538.277343750000
538.621582031250
538.983398437500
539.328125000000
539.665527343750
540.015625000000
540.357910156250
540.695800781250
541.041503906250
541.385742187500
541.727539062500
542.074707031250
542.418945312500
542.761718750000
543.106933593750
543.462402343750
543.808593750000
544.153808593750
544.498046875000
544.832031250000
545.170898437500
545.523437500000
545.856445312500
546.196289062500
546.536621093750
546.875976562500
547.210937500000
547.555664062500
547.904785156250
548.237792968750
548.578125000000
548.925292968750
549.270507812500
549.601074218750
549.941406250000
550.281738281250
550.623046875000
550.955078125000
551.296875000000
551.636718750000
551.969726562500
552.310058593750
552.655761718750
553.001464843750
553.343750000000
553.680664062500
554.010253906250
554.352050781250
554.694824218750
555.037597656250
555.372558593750
555.704101562500
556.032714843750
556.374511718750
556.717773437500
557.056152343750
557.406250000000
557.734863281250
558.079589843750
558.410644531250
558.758789062500
559.094238281250
559.429199218750
559.758789062500
560.097167968750
560.440917968750
560.771972656250
561.101562500000
561.442871093750
561.790039062500
562.130859375000
562.460937500000
562.805175781250
563.148437500000
563.479003906250
563.813476562500
564.142578125000
564.479980468750
564.820312500000
565.151855468750
565.484375000000
565.822265625000
566.168457031250
566.500976562500
566.835937500000
567.184082031250
567.519531250000
567.847167968750
568.187011718750
568.515136718750
568.853027343750
569.195800781250
569.524902343750
569.859375000000
570.196777343750
570.544921875000
570.875488281250
571.218750000000
571.548339843750
571.900878906250
572.234375000000
572.569824218750
572.898437500000
573.242187500000
573.577148437500
573.914062500000
574.250000000000
574.593261718750
574.938964843750
575.282714843750
575.609375000000
575.945800781250
576.293457031250
576.627929687500
576.959472656250
577.287597656250
577.625488281250
577.962402343750
578.296875000000
578.645507812500
578.982910156250
579.324218750000
579.660156250000
579.989746093750
580.325683593750
580.673828125000
581
581.334472656250
581.669433593750
582.006347656250
582.336425781250
582.677734375000
583.010253906250
583.343750000000
583.693359375000
584.021972656250
584.359375000000
584.698730468750
585.044921875000
585.371582031250
585.704589843750
586.041015625000
586.375488281250
586.704101562500
587.042968750000
587.378417968750
587.710937500000
588.058593750000
588.395996093750
588.722656250000
589.060546875000
589.406738281250
589.733398437500
590.066894531250
590.406250000000
590.735351562500
591.062011718750
591.398925781250
591.735839843750
592.070312500000
592.415039062500
592.742675781250
593.078125000000
593.411132812500
593.758300781250
594.085449218750
594.419433593750
594.748535156250
595.080566406250
595.419433593750
595.748535156250
596.078125000000
596.421386718750
596.759277343750
597.078613281250
597.430664062500
597.758789062500
598.094726562500
598.421875000000
598.757812500000
599.087402343750
599.420898437500
599.750000000000
600.084472656250
600.427734375000
600.757812500000
601.098144531250
601.422363281250
601.759277343750
602.094238281250
602.427246093750
602.757324218750
603.085937500000
603.416992187500
603.752441406250
604.090332031250
604.416015625000
604.750000000000
605.083007812500
605.420898437500
605.751464843750
606.074218750000
606.406250000000
606.737792968750
607.062500000000
607.399414062500
607.739257812500
608.062500000000
608.406250000000
608.730468750000
609.064941406250
609.394531250000
609.734863281250
610.063476562500
610.391601562500
610.727050781250
611.054199218750
611.382812500000
611.718750000000
612.061035156250
612.396484375000
612.722656250000
613.061523437500
613.394042968750
613.723632812500
614.048339843750
614.381835937500
614.711425781250
615.039062500000
615.378906250000
615.716796875000
616.042968750000
616.382812500000
616.717773437500
617.042968750000
617.376953125000
617.710937500000
618.040527343750
618.365234375000
618.695800781250
619.026855468750
619.359375000000
619.699707031250
620.032226562500
620.351562500000
620.697265625000
621.021484375000
621.352050781250
621.680175781250
622.016601562500
622.343750000000
622.668457031250
623.007324218750
623.336914062500
623.667968750000
623.994628906250
624.336914062500
624.665527343750
624.991699218750
625.314941406250
625.647949218750
625.979003906250
626.308593750000
626.650390625000
626.972167968750
627.309570312500
627.641601562500
627.977050781250
628.304199218750
628.639160156250
628.967285156250
629.295410156250
629.633300781250
629.964843750000
630.296875000000
630.637695312500
630.960937500000
631.297363281250
631.638671875000
631.962890625000
632.290039062500
632.623535156250
632.949707031250
633.277343750000
633.610839843750
633.951660156250
634.273437500000
634.604980468750
634.938964843750
635.271484375000
635.598632812500
635.932128906250
636.259277343750
636.581542968750
636.914550781250
637.243164062500
637.578125000000
637.907714843750
638.239746093750
638.573730468750
638.893066406250
639.226562500000
639.551757812500
639.872558593750
640.203613281250
640.530761718750
640.855468750000
641.194824218750
641.526367187500
641.851562500000
642.179687500000
642.517089843750
642.844726562500
643.164062500000
643.489746093750
643.818359375000
644.140625000000
644.477539062500
644.805664062500
645.124023437500
645.467773437500
645.788574218750
646.118164062500
646.439453125000
646.772460937500
647.094238281250
647.421875000000
647.758789062500
648.088378906250
648.410156250000
648.743652343750
649.072265625000
649.399414062500
649.721679687500
650.047851562500
650.374511718750
650.695312500000
651.031738281250
651.363281250000
651.679687500000
652.021972656250
652.348144531250
652.668457031250
652.988769531250
653.320312500000
653.642578125000
653.968750000000
654.305175781250
654.636230468750
654.957031250000
655.284667968750
655.618164062500
655.944824218750
656.261230468750
656.588378906250
656.915039062500
657.242187500000
657.576660156250
657.906738281250
658.219238281250
658.553710937500
658.875000000000
659.207519531250
659.534179687500
659.853027343750
660.175781250000
660.507324218750
660.839355468750
661.164062500000
661.486328125000
661.811523437500
662.145507812500
662.468750000000
662.797851562500
663.120117187500
663.445312500000
663.775878906250
664.110839843750
664.429687500000
664.768066406250
665.099609375000
665.417968750000
665.744628906250
666.072753906250
666.399414062500
666.718750000000
667.048339843750
667.382812500000
667.701660156250
668.037109375000
668.364257812500
668.685058593750
669.009765625000
669.344726562500
669.671875000000
669.992187500000
670.308593750000
670.638671875000
670.976074218750
671.300781250000
671.632324218750
671.959960937500
672.288574218750
672.604492187500
672.931640625000
673.259277343750
673.585449218750
673.906250000000
674.235839843750
674.572265625000
674.894531250000
675.229003906250
675.556152343750
675.878906250000