0.325683593750000
1.38378906250000
2.38525390625000
3.35351562500000
4.40185546875000
5.37255859375000
6.22070312500000
7.00878906250000
7.80224609375000
8.55810546875000
9.36962890625000
10.2143554687500
11.0571289062500
11.8681640625000
12.6718750000000
13.4838867187500
14.2529296875000
15.0014648437500
15.7495117187500
16.4799804687500
17.1992187500000
17.9057617187500
18.6162109375000
19.3125000000000
19.9980468750000
20.6708984375000
21.3110351562500
21.9907226562500
22.6669921875000
23.3657226562500
24.0678710937500
24.7680664062500
25.4140625000000
26.1088867187500
26.7954101562500
27.4760742187500
28.1738281250000
28.8886718750000
29.5922851562500
30.2407226562500
30.8906250000000
31.5957031250000
32.2363281250000
32.9375000000000
33.6040039062500
34.2709960937500
34.9189453125000
35.5292968750000
36.1743164062500
36.8017578125000
37.4277343750000
38.0541992187500
38.6733398437500
39.2675781250000
39.8657226562500
40.4541015625000
41.0664062500000
41.6733398437500
42.3027343750000
42.9365234375000
43.5776367187500
44.2221679687500
44.8837890625000
45.5644531250000
46.2480468750000
46.9169921875000
47.5864257812500
48.2558593750000
48.9174804687500
49.5703125000000
50.2290039062500
50.8964843750000
51.5644531250000
52.2211914062500
52.8320312500000
53.5400390625000
54.2099609375000
54.8818359375000
55.5385742187500
56.1865234375000
56.8266601562500
57.4291992187500
58.0751953125000
58.7221679687500
59.3823242187500
60.0302734375000
60.6943359375000
61.3579101562500
61.9760742187500
62.6508789062500
63.3149414062500
63.9755859375000
64.5854492187500
65.2036132812500
65.8623046875000
66.5009765625000
67.1396484375000
67.7441406250000
68.3569335937500
68.9687500000000
69.6372070312500
70.2817382812500
70.9521484375000
71.6401367187500
72.3115234375000
72.9853515625000
73.6547851562500
74.2622070312500
74.9130859375000
75.5185546875000
76.1665039062500
76.7988281250000
77.4326171875000
78.0307617187500
78.6474609375000
79.3212890625000
79.9628906250000
80.5693359375000
81.2187500000000
81.8242187500000
82.4643554687500
83.0576171875000
83.6997070312500
84.3315429687500
84.9599609375000
85.5424804687500
86.1826171875000
86.8090820312500
87.3979492187500
88.0644531250000
88.7368164062500
89.4052734375000
90.0302734375000
90.6601562500000
91.3413085937500
92.0087890625000
92.6879882812500
93.3603515625000
94.0224609375000
94.6430664062500
95.2978515625000
95.8994140625000
96.5161132812500
97.1640625000000
97.7631835937500
98.4082031250000
99.0092773437500
99.6645507812500
100.266601562500
100.873535156250
101.472167968750
102.116699218750
102.761230468750
103.405273437500
104.015625000000
104.710449218750
105.386718750000
106.051757812500
106.769531250000
107.471191406250
108.115722656250
108.824707031250
109.497070312500
110.169921875000
110.791992187500
111.486816406250
112.120117187500
112.799804687500
113.406738281250
114.020507812500
114.694824218750
115.340820312500
115.995117187500
116.592773437500
117.252929687500
117.860351562500
118.500976562500
119.147460937500
119.835937500000
120.498046875000
121.173339843750
121.837890625000
122.445800781250
123.062988281250
123.724609375000
124.330566406250
124.984375000000
125.586425781250
126.257812500000
126.858886718750
127.472656250000
128.071777343750
128.683593750000
129.341796875000
129.993652343750
130.656738281250
131.277343750000
131.980468750000
132.647460937500
133.261718750000
133.889160156250
134.558105468750
135.163085937500
135.776367187500
136.399902343750
137.020996093750
137.631835937500
138.242187500000
138.851074218750
139.460449218750
140.104492187500
140.708007812500
141.389648437500
142.002929687500
142.627441406250
143.258300781250
143.936523437500
144.606933593750
145.228515625000
145.856933593750
146.490722656250
147.117675781250
147.717773437500
148.322265625000
148.971679687500
149.563964843750
150.218261718750
150.811523437500
151.429199218750
152.047363281250
152.659667968750
153.258300781250
153.853027343750
154.436035156250
155.008300781250
155.578125000000
156.143066406250
156.734375000000
157.353027343750
158.005859375000
158.653320312500
159.298828125000
159.951171875000
160.554687500000
161.249511718750
161.917968750000
162.541503906250
163.176269531250
163.799316406250
164.411132812500
165.006347656250
165.603515625000
166.197265625000
166.786132812500
167.373535156250
167.964843750000
168.553222656250
169.131347656250
169.719238281250
170.342773437500
170.901367187500
171.475097656250
172.045898437500
172.618652343750
173.180664062500
173.750488281250
174.327148437500
174.948730468750
175.521484375000
176.115234375000
176.708496093750
177.296875000000
177.878906250000
178.458984375000
179.030761718750
179.594726562500
180.154785156250
180.713867187500
181.278808593750
181.844726562500
182.410156250000
182.976562500000
183.549316406250
184.123535156250
184.694824218750
185.260253906250
185.831054687500
186.408203125000
186.983398437500
187.553710937500
188.111328125000
188.680175781250
189.242187500000
189.806152343750
190.367675781250
190.929687500000
191.492187500000
192.053222656250
192.615722656250
193.179687500000
193.748535156250
194.314453125000
194.876953125000
195.439941406250
196.006347656250
196.569824218750
197.118652343750
197.664062500000
198.214355468750
198.760742187500
199.303710937500
199.851074218750
200.397460937500
200.938476562500
201.476562500000
202.022460937500
202.571777343750
203.116699218750
203.656250000000
204.197753906250
204.735839843750
205.272460937500
205.811523437500
206.346679687500
206.885742187500
207.436035156250
207.986328125000
208.540039062500
209.092285156250
209.649902343750
210.213378906250
210.775878906250
211.337402343750
211.895019531250
212.439453125000
212.971191406250
213.506347656250
214.040039062500
214.575683593750
215.107421875000
215.646972656250
216.190429687500
216.730957031250
217.273925781250
217.820312500000
218.374511718750
218.933593750000
219.487304687500
220.037109375000
220.589355468750
221.139648437500
221.682128906250
222.229492187500
222.772949218750
223.317871093750
223.860351562500
224.398925781250
224.938964843750
225.475097656250
226.009277343750
226.548339843750
227.081054687500
227.614257812500
228.149414062500
228.675781250000
229.197753906250
229.720703125000
230.248535156250
230.773437500000
231.304199218750
231.835449218750
232.374023437500
232.920410156250
233.462890625000
234.006835937500
234.552734375000
235.098144531250
235.638671875000
236.181152343750
236.719238281250
237.259277343750
237.792480468750
238.328125000000
238.865722656250
239.396484375000
239.926269531250
240.450683593750
240.979980468750
241.517578125000
242.053710937500
242.588867187500
243.125488281250
243.666015625000
244.200195312500
244.731933593750
245.264648437500
245.786132812500
246.307617187500
246.828125000000
247.351562500000
247.869628906250
248.378906250000
248.883300781250
249.392578125000
249.895507812500
250.392578125000
250.893066406250
251.391601562500
251.894042968750
252.396484375000
252.891601562500
253.383789062500
253.878906250000
254.375488281250
254.868164062500
255.361328125000
255.854003906250
256.348632812500
256.846191406250
257.344238281250
257.844726562500
258.343750000000
258.843261718750
259.338378906250
259.834960937500
260.333984375000
260.828613281250
261.324218750000
261.821289062500
262.306640625000
262.792480468750
263.284667968750
263.773925781250
264.260742187500
264.748046875000
265.234863281250
265.720214843750
266.210937500000
266.701660156250
267.188476562500
267.678710937500
268.173339843750
268.665039062500
269.156250000000
269.653320312500
270.155761718750
270.649902343750
271.151367187500
271.657714843750
272.150878906250
272.643554687500
273.143554687500
273.634765625000
274.124511718750
274.622070312500
275.113281250000
275.595703125000
276.077636718750
276.563476562500
277.041503906250
277.516113281250
277.995117187500
278.478027343750
278.951660156250
279.421875000000
279.896484375000
280.368164062500
280.841308593750
281.310058593750
281.780273437500
282.254882812500
282.723632812500
283.193847656250
283.672363281250
284.146972656250
284.619140625000
285.094238281250
285.572753906250
286.046875000000
286.518554687500
286.995117187500
287.477050781250
287.960937500000
288.440429687500
288.924804687500
289.407226562500
289.896484375000
290.386230468750
290.875488281250
291.360351562500
291.851074218750
292.345214843750
292.841796875000
293.340820312500
293.836425781250
294.329101562500
294.834472656250
295.333984375000
295.833007812500
296.327636718750
296.848632812500
297.353515625000
297.856445312500
298.355468750000
298.860351562500
299.361816406250
299.864257812500
300.362304687500
300.850585937500
301.331542968750
301.807617187500
302.287109375000
302.767578125000
303.242187500000
303.713867187500
304.195800781250
304.674804687500
305.145019531250
305.616699218750
306.094726562500
306.572265625000
307.039550781250
307.509765625000
307.983398437500
308.452148437500
308.914550781250
309.376953125000
309.844726562500
310.316894531250
310.776855468750
311.236816406250
311.702636718750
312.166503906250
312.627929687500
313.083984375000
313.542968750000
314.001953125000
314.462402343750
314.926269531250
315.387695312500
315.844726562500
316.304687500000
316.766601562500
317.229492187500
317.693847656250
318.154785156250
318.618164062500
319.085937500000
319.551757812500
320.009277343750
320.465820312500
320.927246093750
321.390625000000
321.842285156250
322.295410156250
322.750000000000
323.205078125000
323.657714843750
324.112792968750
324.567871093750
325.025390625000
325.484375000000
325.941894531250
326.400878906250
326.857910156250
327.318847656250
327.773925781250
328.229492187500
328.694824218750
329.154296875000
329.604492187500
330.058105468750
330.511718750000
330.963378906250
331.413085937500
331.865234375000
332.312500000000
332.764648437500
333.211425781250
333.661621093750
334.114257812500
334.564941406250
335.010742187500
335.459960937500
335.912597656250
336.368652343750
336.823730468750
337.275390625000
337.726074218750
338.177734375000
338.636718750000
339.092773437500
339.549316406250
340.004882812500
340.460937500000
340.914062500000
341.368652343750
341.828125000000
342.283203125000
342.731445312500
343.183593750000
343.637207031250
344.088378906250
344.538085937500
344.990722656250
345.438476562500
345.892089843750
346.337890625000
346.786132812500
347.239746093750
347.688964843750
348.131835937500
348.577148437500
349.022949218750
349.468750000000
349.913085937500
350.355957031250
350.798828125000
351.237304687500
351.679687500000
352.125488281250
352.572265625000
353.010253906250
353.451660156250
353.896484375000
354.338867187500
354.782714843750
355.230468750000
355.676757812500
356.116210937500
356.558105468750
357.004882812500
357.454101562500
357.907714843750
358.354003906250
358.796386718750
359.241699218750
359.688964843750
360.136230468750
360.584472656250
361.034179687500
361.476074218750
361.916015625000
362.359375000000
362.797363281250
363.236328125000
363.674804687500
364.117675781250
364.556152343750
364.990234375000
365.423828125000
365.858886718750
366.299316406250
366.737792968750
367.177246093750
367.612304687500
368.049804687500
368.482421875000
368.915039062500
369.353515625000
369.792968750000
370.228027343750
370.657714843750
371.090332031250
371.525878906250
371.955566406250
372.388671875000
372.821777343750
373.259765625000
373.688964843750
374.118164062500
374.550781250000
374.978515625000
375.408203125000
375.834960937500
376.270507812500
376.702148437500
377.125000000000
377.553710937500
377.982421875000
378.413574218750
378.845703125000
379.279785156250
379.708496093750
380.135253906250
380.563964843750
380.993164062500
381.417968750000
381.843261718750
382.272460937500
382.701660156250
383.125488281250
383.549316406250
383.971191406250
384.394531250000
384.819335937500
385.247558593750
385.677246093750
386.104492187500
386.528808593750
386.950195312500
387.376464843750
387.802734375000
388.226074218750
388.649902343750
389.078125000000
389.506835937500
389.917968750000
390.349121093750
390.771484375000
391.197265625000
391.619628906250
392.045898437500
392.472167968750
392.900878906250
393.320800781250
393.741699218750
394.166503906250
394.589843750000
395.016113281250
395.446289062500
395.873535156250
396.297363281250
396.721679687500
397.147460937500
397.567382812500
397.992187500000
398.416503906250
398.840332031250
399.262207031250
399.682128906250
400.100585937500
400.513671875000
400.929199218750
401.344726562500
401.765625000000
402.181152343750
402.598632812500
403.018554687500
403.435546875000
403.846679687500
404.260742187500
404.675781250000
405.094238281250
405.511230468750
405.925781250000
406.346679687500
406.767578125000
407.175781250000
407.598632812500
408.012207031250
408.434570312500
408.851562500000
409.272460937500
409.692382812500
410.116699218750
410.535644531250
410.955566406250
411.373046875000
411.789550781250
412.208984375000
412.626953125000
413.050292968750
413.472167968750
413.895019531250
414.314453125000
414.733398437500
415.151367187500
415.569824218750
415.986816406250
416.405761718750
416.828125000000
417.245117187500
417.664550781250
418.083984375000
418.502929687500
418.917968750000
419.333496093750
419.752441406250
420.172363281250
420.592285156250
421.008789062500
421.432617187500
421.852050781250
422.268554687500
422.683593750000
423.096191406250
423.512695312500
423.926269531250
424.347656250000
424.765625000000
425.184082031250
425.600585937500
426.016113281250
426.434570312500
426.850585937500
427.266113281250
427.681640625000
428.101074218750
428.515625000000
428.928710937500
429.344238281250
429.756347656250
430.166015625000
430.578613281250
430.994628906250
431.406738281250
431.821289062500
432.235351562500
432.654296875000
433.066894531250
433.483398437500
433.897460937500
434.309570312500
434.718750000000
435.126953125000
435.540527343750
435.952636718750
436.367187500000
436.777343750000
437.190917968750
437.606933593750
438.021484375000
438.431640625000
438.833984375000
439.249023437500
439.658203125000
440.070312500000
440.483886718750
440.896972656250
441.305664062500
441.718261718750
442.129882812500
442.538085937500
442.946289062500
443.353515625000
443.761718750000
444.171386718750
444.583984375000
444.994140625000
445.408691406250
445.820800781250
446.234375000000
446.646972656250
447.054687500000
447.461425781250
447.869140625000
448.281250000000
448.690917968750
449.100097656250
449.509277343750
449.923339843750
450.335937500000
450.749511718750
451.159179687500
451.565917968750
451.974609375000
452.385742187500
452.792968750000
453.201171875000
453.612792968750
454.023437500000
454.435058593750
454.843261718750
455.252929687500
455.659667968750
456.063964843750
456.469238281250
456.874511718750
457.285156250000
457.690917968750
458.100585937500
458.506347656250
458.917480468750
459.323242187500
459.730957031250
460.138671875000
460.550292968750
460.952636718750
461.353515625000
461.759765625000
462.164550781250
462.566894531250
462.968750000000
463.373046875000
463.778320312500
464.180175781250
464.581054687500
464.983398437500
465.383300781250
465.786132812500
466.185058593750
466.582031250000
466.979980468750
467.379394531250
467.778808593750
468.175781250000
468.577148437500
468.978027343750
469.378906250000
469.776367187500
470.179199218750
470.576660156250
470.980468750000
471.378417968750
471.778320312500
472.174316406250
472.570312500000
472.963867187500
473.356445312500
473.750488281250
474.145019531250
474.540527343750
474.931152343750
475.325683593750
475.718261718750
476.115234375000
476.505859375000
476.898437500000
477.291015625000
477.687988281250
478.080566406250
478.474121093750
478.866699218750
479.260742187500
479.651855468750
480.043457031250
480.436523437500
480.824707031250
481.215820312500
481.609863281250
482.003906250000
482.394531250000
482.788085937500
483.181152343750
483.576660156250
483.964355468750
484.357910156250
484.748535156250
485.140136718750
485.528320312500
485.919921875000
486.307617187500
486.696777343750
487.082519531250
487.467773437500
487.854980468750
488.242187500000
488.626953125000
489.009765625000
489.398925781250
489.786621093750
490.172363281250
490.559082031250
490.946777343750
491.336425781250
491.721679687500
492.106445312500
492.494628906250
492.882812500000
493.270507812500
493.656250000000
494.045898437500
494.434082031250
494.821777343750
495.206054687500
495.592285156250
495.981445312500
496.366699218750
496.751464843750
497.135253906250
497.522949218750
497.911132812500
498.295898437500
498.678710937500
499.069335937500
499.458007812500
499.846191406250
500.231445312500
500.619140625000
501.007324218750
501.397460937500
501.781250000000
502.170410156250
502.555664062500
502.945800781250
503.333496093750
503.722656250000
504.108886718750
504.497070312500
504.885253906250
505.276367187500
505.662109375000
506.046386718750
506.430175781250
506.816894531250
507.199707031250
507.584960937500
507.971679687500
508.358886718750
508.741699218750
509.124511718750
509.509765625000
509.898437500000
510.280761718750
510.663574218750
511.047851562500
511.433105468750
511.816406250000
512.199218750000
512.583984375000
512.968261718750
513.351562500000
513.734375000000
514.118164062500
514.500000000000
514.886230468750
515.265625000000
515.649414062500
516.030273437500
516.415527343750
516.796386718750
517.179687500000
517.562500000000
517.947753906250
518.330078125000
518.710937500000
519.090332031250
519.471679687500
519.852050781250
520.229980468750
520.608398437500
520.987792968750
521.363769531250
521.741210937500
522.119140625000
522.497558593750
522.872558593750
523.246582031250
523.625976562500
524.006835937500
524.382324218750
524.758300781250
525.140136718750
525.518066406250
525.892578125000
526.269042968750
526.648925781250
527.025878906250
527.401367187500
527.775390625000
528.151855468750
528.527832031250
528.904296875000
529.279296875000
529.652343750000
530.024902343750
530.399414062500
530.775390625000
531.149414062500
531.521972656250
531.894531250000
532.268066406250
532.641113281250
533.016113281250
533.388671875000
533.760742187500
534.135253906250
534.510253906250
534.886230468750
535.259765625000
535.633789062500
536.006835937500
536.384765625000
536.760253906250
537.135742187500
537.510253906250
537.885742187500
538.261230468750
538.639160156250
539.014648437500
539.388671875000
539.761718750000
540.139160156250
540.514160156250
540.893066406250
541.265625000000
541.642578125000
542.017089843750
542.396484375000
542.769531250000
543.147460937500
543.522460937500
543.899902343750
544.275390625000
544.652343750000
545.026367187500
545.405761718750
545.778808593750
546.155761718750
546.529785156250
546.907226562500
547.280273437500
547.655761718750
548.029785156250
548.405273437500
548.776855468750
549.149902343750
549.521972656250
549.895996093750
550.266601562500
550.638671875000
551.008789062500
551.382324218750
551.751953125000
552.123046875000
552.492187500000
552.864257812500
553.233398437500
553.604003906250
553.974121093750
554.347656250000
554.717285156250
555.088867187500
555.459472656250
555.831542968750
556.202148437500
556.575195312500
556.946777343750
557.320312500000
557.692871093750
558.064453125000
558.436035156250
558.811523437500
559.184570312500
559.557128906250
559.931640625000
560.307617187500
560.683593750000
561.057617187500
561.432128906250
561.805175781250
562.178222656250
562.554687500000
562.930175781250
563.303710937500
563.677246093750
564.051757812500
564.426269531250
564.798339843750
565.170898437500
565.543945312500
565.916992187500
566.290039062500
566.662109375000
567.033691406250
567.408691406250
567.780273437500
568.150878906250
568.523437500000
568.896972656250
569.270019531250
569.640625000000
570.012207031250
570.382812500000
570.752929687500
571.125000000000
571.495605468750
571.867187500000
572.236816406250
572.609375000000
572.981933593750
573.352050781250
573.724609375000
574.095214843750
574.468750000000
574.842285156250
575.212402343750
575.584960937500
575.955566406250
576.327148437500
576.699218750000
577.069335937500
577.441406250000
577.813964843750
578.185546875000
578.554687500000
578.928222656250
579.300292968750
579.669921875000
580.039062500000
580.411132812500
580.782226562500
581.150878906250
581.518554687500
581.889160156250
582.259765625000
582.629394531250
582.996093750000
583.361816406250
583.729980468750
584.098632812500
584.462402343750
584.828125000000
585.194824218750
585.562011718750
585.929199218750
586.295410156250
586.659667968750
587.025390625000
587.393554687500
587.761230468750
588.127441406250
588.493164062500
588.861816406250
589.229003906250
589.595214843750
589.961914062500
590.330566406250
590.698242187500
591.064941406250
591.432128906250
591.801757812500
592.170898437500
592.539062500000
592.906738281250
593.276367187500
593.647460937500
594.016113281250
594.386718750000
594.756835937500
595.125976562500
595.493652343750
595.865722656250
596.232910156250
596.604003906250
596.971679687500
597.343261718750
597.709472656250
598.080078125000
598.447753906250
598.816406250000
599.185058593750
599.553710937500
599.920410156250
600.288574218750
600.653808593750
601.023437500000
601.389160156250
601.757812500000
602.123046875000
602.490722656250
602.857910156250
603.220703125000
603.584960937500
603.950683593750
604.317382812500
604.679687500000
605.041992187500
605.407714843750
605.771972656250
606.134765625000
606.498046875000
606.862792968750
607.225585937500
607.588867187500
607.949707031250
608.313476562500
608.678710937500
609.040039062500
609.399414062500
609.760742187500
610.124023437500
610.483886718750
610.842773437500
611.204101562500
611.564941406250
611.920898437500
612.280273437500
612.639160156250
613.000488281250
613.358398437500
613.716796875000
614.075195312500
614.437500000000
614.798828125000
615.158203125000
615.518554687500
615.881347656250
616.240722656250
616.602050781250
616.961914062500
617.324218750000
617.682617187500
618.044433593750
618.401367187500
618.765625000000
619.124023437500
619.485351562500
619.843750000000
620.204589843750
620.563964843750
620.921386718750
621.279785156250
621.638183593750
621.999023437500
622.354492187500
622.710449218750
623.068847656250
623.424316406250
623.783203125000
624.138183593750
624.493652343750
624.849609375000
625.205566406250
625.560546875000
625.916503906250
626.272460937500
626.630371093750
626.986328125000
627.343261718750
627.701660156250
628.058593750000
628.416015625000
628.772460937500
629.132324218750
629.489257812500
629.845703125000
630.202636718750
630.561035156250
630.918457031250
631.274414062500
631.629882812500
631.986816406250
632.343261718750
632.697265625000
633.048339843750
633.405273437500
633.759277343750
634.110839843750
634.464355468750
634.817871093750
635.172851562500
635.525390625000
635.881347656250
636.234863281250
636.589843750000
636.942871093750
637.299316406250
637.652832031250
638.008789062500
638.360351562500
638.715820312500
639.069824218750
639.426269531250
639.780273437500
640.134277343750
640.486328125000
640.842285156250
641.195312500000
641.546386718750
641.899902343750
642.250000000000
642.601562500000
642.956542968750
643.311523437500
643.667480468750
644.024902343750
644.378906250000
644.738769531250
645.095214843750
645.452148437500
645.809082031250
646.166992187500
646.526855468750
646.883300781250
647.238769531250
647.597167968750
647.956054687500
648.311523437500
648.665039062500
649.020019531250
649.378417968750
649.732910156250
650.084960937500
650.439941406250
650.796875000000
651.148437500000
651.501464843750
651.857910156250
652.213378906250
652.566894531250
652.921875000000
653.279296875000
653.633300781250
653.986816406250
654.344238281250
654.697753906250
655.055175781250
655.409179687500
655.769042968750
656.121582031250
656.478027343750
656.832031250000
657.188476562500
657.541992187500
657.896484375000
658.251953125000
658.607910156250
658.959472656250
659.311035156250
659.663085937500
660.018066406250
660.366699218750
660.717773437500
661.069335937500
661.420898437500
661.770507812500
662.121582031250
662.472656250000
662.824707031250
663.175781250000
663.528320312500
663.881347656250
664.235351562500
664.585449218750
664.937011718750
665.290527343750
665.643554687500
665.995605468750
666.347167968750
666.702148437500
667.054199218750
667.404296875000
667.754394531250
668.107910156250
668.456054687500
668.805175781250
669.155761718750
669.507324218750
669.856445312500
670.206054687500
670.556640625000
670.908203125000
671.258789062500
671.609375000000
671.962402343750
672.310546875000
672.662597656250
673.010742187500
673.364257812500
673.711425781250
674.062011718750
674.413085937500
674.764648437500
675.113281250000
675.461914062500
675.810546875000
676.162597656250
676.509277343750
676.857421875000
677.205078125000
677.556152343750
677.906250000000
678.255371093750
678.604492187500
678.953613281250
679.304687500000
679.652832031250
680.004882812500
680.355957031250
680.704589843750
681.053710937500
681.404785156250
681.756835937500
682.104980468750
682.454101562500
682.804687500000
683.153320312500
683.500976562500
683.850585937500
684.197753906250
684.544921875000
684.889648437500
685.235839843750
685.585937500000
685.933593750000
686.281250000000
686.631347656250
686.975585937500
687.323242187500
687.671875000000
688.019042968750
688.365722656250
688.713378906250
689.062011718750
689.409179687500
689.754882812500
690.101074218750
690.446289062500
690.792480468750
691.138183593750
691.482910156250
691.829101562500
692.176269531250
692.521972656250
692.866699218750
693.213867187500
693.562500000000
693.908203125000
694.252929687500
694.597656250000
694.945800781250
695.288574218750
695.634277343750
695.976562500000
696.324218750000
696.666503906250
697.011718750000
697.356933593750
697.703125000000
698.046386718750
698.393554687500
698.740722656250
699.085937500000
699.431152343750
699.778320312500
700.123046875000
700.465332031250
700.812011718750
701.154296875000
701.499023437500
701.842285156250
702.187011718750
702.532226562500
702.877441406250
703.220703125000
703.567382812500
703.912109375000
704.255859375000
704.599609375000
704.945312500000
705.288574218750
705.630371093750
705.974609375000
706.316406250000
706.660156250000
707.001953125000
707.345703125000
707.688964843750
708.032226562500
708.375976562500
708.719726562500
709.062011718750
709.405273437500
709.748535156250
710.093261718750
710.432617187500
710.774902343750
711.116210937500
711.458984375000
711.799316406250
712.140136718750
712.483886718750
712.823242187500
713.167968750000
713.510253906250
713.852539062500
714.194335937500
714.537597656250
714.879882812500
715.221191406250
715.562011718750
715.903320312500
716.246582031250
716.585449218750
716.926757812500
717.268066406250
717.609375000000
717.948242187500
718.291992187500
718.634277343750
718.975585937500
719.316894531250
719.659667968750
720.001953125000
720.341796875000
720.682128906250
721.022460937500
721.366210937500
721.706054687500
722.049804687500
722.391113281250
722.732910156250
723.072265625000
723.415527343750
723.759765625000
724.101562500000
724.439941406250
724.785644531250
725.125976562500
725.464843750000
725.805175781250
726.147949218750
726.489746093750
726.830078125000
727.171386718750
727.511230468750
727.854003906250
728.194824218750
728.538574218750
728.880859375000
729.222656250000
729.562988281250
729.907714843750
730.248046875000
730.585937500000
730.926269531250
731.270019531250
731.611816406250
731.953125000000
732.295898437500
732.635742187500
732.977050781250
733.317382812500
733.660156250000
734.001953125000
734.341308593750
734.681152343750
735.022949218750
735.362304687500
735.702148437500
736.040527343750
736.380371093750
736.722656250000
737.061035156250
737.403808593750
737.744628906250
738.085449218750
738.425292968750
738.767578125000
739.109375000000
739.447753906250
739.787597656250
740.125488281250
740.468261718750
740.807617187500
741.146972656250
741.486816406250
741.827636718750
742.166015625000
742.508300781250
742.849609375000
743.188476562500
743.526855468750
743.867187500000
744.208984375000
744.545898437500
744.885742187500
745.223144531250
745.562500000000
745.902343750000
746.240722656250
746.578613281250
746.919433593750
747.255859375000
747.596191406250