0.415039062500000
1.07812500000000
1.73779296875000
2.36621093750000
2.98388671875000
3.57275390625000
4.15185546875000
4.71972656250000
5.29003906250000
5.85986328125000
6.42871093750000
6.99023437500000
7.53955078125000
8.08642578125000
8.62548828125000
9.15966796875000
9.68750000000000
10.2143554687500
10.7275390625000
11.2490234375000
11.7558593750000
12.2680664062500
12.7656250000000
13.2700195312500
13.7656250000000
14.2661132812500
14.7646484375000
15.2646484375000
15.7597656250000
16.2583007812500
16.7514648437500
17.2426757812500
17.7397460937500
18.2280273437500
18.7290039062500
19.2167968750000
19.7114257812500
20.2016601562500
20.6953125000000
21.1845703125000
21.6723632812500
22.1655273437500
22.6625976562500
23.1494140625000
23.6411132812500
24.1323242187500
24.6157226562500
25.1030273437500
25.5800781250000
26.0703125000000
26.5537109375000
27.0395507812500
27.5229492187500
28.0073242187500
28.4863281250000
28.9760742187500
29.4550781250000
29.9360351562500
30.4169921875000
30.8925781250000
31.3750000000000
31.8515625000000
32.3349609375000
32.8203125000000
33.3105468750000
33.7954101562500
34.2817382812500
34.7705078125000
35.2597656250000
35.7495117187500
36.2363281250000
36.7294921875000
37.2182617187500
37.7119140625000
38.2045898437500
38.7031250000000
39.1943359375000
39.6870117187500
40.1738281250000
40.6679687500000
41.1557617187500
41.6464843750000
42.1337890625000
42.6176757812500
43.0957031250000
43.5781250000000
44.0546875000000
44.5317382812500
45.0097656250000
45.4770507812500
45.9531250000000
46.4248046875000
46.8989257812500
47.3740234375000
47.8525390625000
48.3281250000000
48.8051757812500
49.2812500000000
49.7519531250000
50.2353515625000
50.7045898437500
51.1879882812500
51.6650390625000
52.1430664062500
52.6176757812500
53.1010742187500
53.5732421875000
54.0522460937500
54.5297851562500
55.0004882812500
55.4843750000000
55.9594726562500
56.4458007812500
56.9174804687500
57.4052734375000
57.8842773437500
58.3759765625000
58.8662109375000
59.3593750000000
59.8452148437500
60.3413085937500
60.8286132812500
61.3276367187500
61.8129882812500
62.3056640625000
62.7919921875000
63.2822265625000
63.7661132812500
64.2578125000000
64.7426757812500
65.2343750000000
65.7250976562500
66.2192382812500
66.7109375000000
67.2026367187500
67.6879882812500
68.1826171875000
68.6733398437500
69.1630859375000
69.6469726562500
70.1254882812500
70.6127929687500
71.0927734375000
71.5781250000000
72.0537109375000
72.5371093750000
73.0107421875000
73.4926757812500
73.9726562500000
74.4619140625000
74.9462890625000
75.4409179687500
75.9301757812500
76.4228515625000
76.9140625000000
77.4091796875000
77.9052734375000
78.3950195312500
78.8769531250000
79.3671875000000
79.8544921875000
80.3437500000000
80.8295898437500
81.3134765625000
81.8037109375000
82.2963867187500
82.7871093750000
83.2744140625000
83.7675781250000
84.2641601562500
84.7509765625000
85.2519531250000
85.7426757812500
86.2363281250000
86.7207031250000
87.2114257812500
87.7031250000000
88.1875000000000
88.6669921875000
89.1420898437500
89.6250000000000
90.1000976562500
90.5800781250000
91.0546875000000
91.5410156250000
92.0185546875000
92.5136718750000
93.0014648437500
93.5078125000000
94.0068359375000
94.5146484375000
95.0053710937500
95.5092773437500
96.0004882812500
96.5004882812500
96.9858398437500
97.4838867187500
97.9614257812500
98.4506835937500
98.9252929687500
99.4135742187500
99.8857421875000
100.375488281250
100.851562500000
101.336425781250
101.813964843750
102.299804687500
102.780761718750
103.259765625000
103.736328125000
104.213867187500
104.687988281250
105.164062500000
105.633789062500
106.115234375000
106.585937500000
107.063476562500
107.546875000000
108.022460937500
108.498535156250
108.984375000000
109.468750000000
109.946777343750
110.429199218750
110.915039062500
111.398925781250
111.884277343750
112.367187500000
112.846191406250
113.328613281250
113.810546875000
114.289062500000
114.765136718750
115.234375000000
115.709960937500
116.181152343750
116.656738281250
117.130859375000
117.602539062500
118.077148437500
118.556152343750
119.037109375000
119.515625000000
119.985351562500
120.462402343750
120.938476562500
121.415039062500
121.890136718750
122.359375000000
122.830078125000
123.295898437500
123.773437500000
124.236328125000
124.711914062500
125.173339843750
125.650390625000
126.116699218750
126.593750000000
127.056152343750
127.531738281250
128
128.477539062500
128.938476562500
129.414062500000
129.874511718750
130.336914062500
130.793945312500
131.250976562500
131.704589843750
132.163085937500
132.616210937500
133.073730468750
133.522949218750
133.978027343750
134.428222656250
134.881835937500
135.334472656250
135.780273437500
136.234863281250
136.678222656250
137.133300781250
137.580078125000
138.038085937500
138.492187500000
138.946777343750
139.406250000000
139.869628906250
140.329589843750
140.798339843750
141.265136718750
141.731445312500
142.196289062500
142.666015625000
143.133789062500
143.603027343750
144.062988281250
144.523925781250
144.978515625000
145.438964843750
145.898437500000
146.359863281250
146.818847656250
147.281738281250
147.742187500000
148.211425781250
148.671875000000
149.144042968750
149.609863281250
150.073242187500
150.539062500000
150.993164062500
151.455078125000
151.911621093750
152.375488281250
152.828125000000
153.287597656250
153.740722656250
154.203125000000
154.656250000000
155.124023437500
155.581542968750
156.053710937500
156.522949218750
157.008300781250
157.486816406250
157.975585937500
158.453125000000
158.938964843750
159.416015625000
159.898925781250
160.376464843750
160.858886718750
161.331054687500
161.812500000000
162.274414062500
162.750000000000
163.211914062500
163.680664062500
164.141601562500
164.610351562500
165.071289062500
165.540527343750
165.997070312500
166.461425781250
166.920410156250
167.386230468750
167.847656250000
168.320312500000
168.780273437500
169.258300781250
169.726562500000
170.203613281250
170.676269531250
171.156738281250
171.625488281250
172.094238281250
172.562500000000
173.036132812500
173.508300781250
173.970214843750
174.444824218750
174.914550781250
175.388183593750
175.859375000000
176.330078125000
176.797851562500
177.269531250000
177.742187500000
178.213378906250
178.680175781250
179.155761718750
179.624023437500
180.100585937500
180.572265625000
181.048828125000
181.522460937500
182.001953125000
182.479492187500
182.961914062500
183.437011718750
183.917968750000
184.385253906250
184.857910156250
185.327148437500
185.796386718750
186.262695312500
186.727050781250
187.189453125000
187.654785156250
188.115234375000
188.579101562500
189.039062500000
189.499511718750
189.952636718750
190.414550781250
190.875000000000
191.343750000000
191.804687500000
192.267089843750
192.725097656250
193.189453125000
193.647949218750
194.115722656250
194.571289062500
195.032226562500
195.484863281250
195.945312500000
196.398925781250
196.859863281250
197.317382812500
197.766601562500
198.215820312500
198.671875000000
199.124511718750
199.576171875000
200.017578125000
200.469238281250
200.920410156250
201.374511718750
201.821777343750
202.272949218750
202.718750000000
203.171386718750
203.619628906250
204.070312500000
204.523925781250
204.968750000000
205.414062500000
205.853027343750
206.305175781250
206.742675781250
207.188964843750
207.629882812500
208.078125000000
208.517089843750
208.968261718750
209.407226562500
209.853515625000
210.291992187500
210.737792968750
211.178710937500
211.622558593750
212.060058593750
212.500976562500
212.937988281250
213.382324218750
213.813964843750
214.257812500000
214.694824218750
215.132812500000
215.569335937500
216.000488281250
216.437011718750
216.868164062500
217.304687500000
217.735351562500
218.166992187500
218.594726562500
219.030273437500
219.457031250000
219.895019531250
220.325195312500
220.762207031250
221.189453125000
221.626953125000
222.061523437500
222.501953125000
222.937500000000
223.375000000000
223.808593750000
224.249511718750
224.687011718750
225.132324218750
225.563964843750
226.001953125000
226.436523437500
226.875976562500
227.312500000000
227.742675781250
228.173828125000
228.611816406250
229.047363281250
229.475585937500
229.913574218750
230.344238281250
230.787109375000
231.218750000000
231.656738281250
232.090332031250
232.533691406250
232.969238281250
233.407714843750
233.833496093750
234.265136718750
234.693847656250
235.124023437500
235.553710937500
235.983398437500
236.399902343750
236.829101562500
237.258300781250
237.681640625000
238.101562500000
238.525878906250
238.952148437500
239.376464843750
239.798339843750
240.213378906250
240.634765625000
241.053710937500
241.477539062500
241.889648437500
242.304687500000
242.718261718750
243.135253906250
243.547851562500
243.968750000000
244.375976562500
244.791015625000
245.205078125000
245.625000000000
246.041015625000
246.453125000000
246.868164062500
247.277832031250
247.698242187500
248.109863281250
248.524902343750
248.932617187500
249.351074218750
249.759277343750
250.179687500000
250.594726562500
251.009277343750
251.416992187500
251.830566406250
252.250000000000
252.664062500000
253.079101562500
253.483398437500
253.897949218750
254.304687500000
254.718750000000
255.125000000000
255.540039062500
255.938476562500
256.351074218750
256.756835937500
257.165039062500
257.571289062500
257.971191406250
258.376953125000
258.777832031250
259.186523437500
259.584472656250
259.992187500000
260.385253906250
260.791015625000
261.195312500000
261.602050781250
262.001464843750
262.402832031250
262.807617187500
263.208984375000
263.616210937500
264.017089843750
264.428710937500
264.829101562500
265.236328125000
265.644042968750
266.052246093750
266.469238281250
266.873046875000
267.286621093750
267.687500000000
268.102050781250
268.508300781250
268.916992187500
269.318359375000
269.726562500000
270.128417968750
270.541015625000
270.946777343750
271.345703125000
271.753417968750
272.156738281250
272.565429687500
272.968750000000
273.372070312500
273.768066406250
274.175292968750
274.583984375000
274.986328125000
275.385742187500
275.790039062500
276.195312500000
276.603027343750
277.014648437500
277.416015625000
277.817871093750
278.219726562500
278.628906250000
279.033691406250
279.438476562500
279.836914062500
280.243652343750
280.649902343750
281.062500000000
281.468261718750
281.866210937500
282.272460937500
282.672851562500
283.078613281250
283.476562500000
283.882324218750
284.279785156250
284.687988281250
285.087402343750
285.491699218750
285.891113281250
286.292480468750
286.704101562500
287.104980468750
287.509765625000
287.908691406250
288.318359375000
288.716796875000
289.117675781250
289.510253906250
289.914062500000
290.305175781250
290.706054687500
291.104003906250
291.509277343750
291.905761718750
292.298339843750
292.695800781250
293.092773437500
293.492675781250
293.883300781250
294.274902343750
294.666503906250
295.063476562500
295.454589843750
295.854980468750
296.242187500000
296.640136718750
297.031250000000
297.434082031250
297.828125000000
298.221191406250
298.625000000000
299.018066406250
299.422851562500
299.813476562500
300.218750000000
300.618652343750
301.017089843750
301.412597656250
301.813476562500
302.226074218750
302.624511718750
303.022949218750
303.418457031250
303.821289062500
304.211914062500
304.609375000000
304.995117187500
305.393554687500
305.780761718750
306.171875000000
306.562500000000
306.956542968750
307.342285156250
307.735351562500
308.125488281250
308.525878906250
308.915039062500
309.313476562500
309.696777343750
310.093750000000
310.485351562500
310.874511718750
311.263671875000
311.656250000000
312.046875000000
312.438476562500
312.829589843750
313.216796875000
313.607910156250
314
314.391113281250
314.782226562500
315.172851562500
315.556640625000
315.947753906250
316.337890625000
316.735351562500
317.115722656250
317.501464843750
317.890625000000
318.282714843750
318.672851562500
319.050292968750
319.443359375000
319.825683593750
320.219726562500
320.594726562500
320.988281250000
321.379882812500
321.776367187500
322.162597656250
322.549316406250
322.944824218750
323.336914062500
323.726562500000
324.110839843750
324.494628906250
324.889648437500
325.275878906250
325.671875000000
326.053710937500
326.438964843750
326.829589843750
327.219726562500
327.610839843750
327.993164062500
328.384277343750
328.770996093750
329.165039062500
329.547363281250
329.938476562500
330.322753906250
330.717285156250
331.105468750000
331.489257812500
331.873046875000
332.268066406250
332.656250000000
333.042968750000
333.426757812500
333.819824218750
334.201171875000
334.594238281250
334.968261718750
335.352539062500
335.741210937500
336.125976562500
336.509765625000
336.895996093750
337.278320312500
337.670410156250
338.049804687500
338.433105468750
338.813476562500
339.196289062500
339.586914062500
339.971679687500
340.354492187500
340.731933593750
341.117187500000
341.499511718750
341.883789062500
342.255371093750
342.633300781250
343.007324218750
343.390136718750
343.760253906250
344.135253906250
344.508789062500
344.883300781250
345.262695312500
345.644042968750
346.022949218750
346.393554687500
346.767089843750
347.142089843750
347.522460937500
347.897460937500
348.278320312500
348.649902343750
349.023437500000
349.395019531250
349.772949218750
350.147460937500
350.529785156250
350.899902343750
351.270996093750
351.635742187500
352.008789062500
352.384277343750
352.762207031250
353.125976562500
353.500976562500
353.866699218750
354.249511718750
354.611328125000
354.984863281250
355.349121093750
355.719726562500
356.085937500000
356.459960937500
356.828613281250
357.203613281250
357.562011718750
357.931152343750
358.299804687500
358.673339843750
359.039550781250
359.405761718750
359.767578125000
360.132812500000
360.498046875000
360.861328125000
361.228027343750
361.594726562500
361.958007812500
362.324707031250
362.688964843750
363.060546875000
363.418945312500
363.788574218750
364.146484375000
364.515625000000
364.882324218750
365.250976562500
365.615234375000
365.979003906250
366.341308593750
366.713378906250
367.078613281250
367.451660156250
367.812988281250
368.179687500000
368.543457031250
368.907714843750
369.275878906250
369.648437500000
370.009277343750
370.376464843750
370.737792968750
371.104980468750
371.468750000000
371.843261718750
372.208496093750
372.571777343750
372.934570312500
373.299804687500
373.666015625000
374.032714843750
374.395996093750
374.759765625000
375.122070312500
375.493652343750
375.858398437500
376.226562500000
376.584960937500
376.950683593750
377.314453125000
377.687500000000
378.048339843750
378.421875000000
378.777832031250
379.143554687500
379.505371093750
379.872070312500
380.241210937500
380.617675781250
380.983398437500
381.359863281250
381.727050781250
382.094726562500
382.460937500000
382.836425781250
383.205078125000
383.568359375000
383.926269531250
384.301269531250
384.665039062500
385.040039062500
385.399902343750
385.768554687500
386.134277343750
386.508300781250
386.874511718750
387.240234375000
387.601562500000
387.968750000000
388.334472656250
388.701171875000
389.063964843750
389.437988281250
389.790527343750
390.163574218750
390.526367187500
390.898925781250
391.266113281250
391.626953125000
391.992187500000
392.354492187500
392.717773437500
393.091308593750
393.459960937500
393.829101562500
394.186523437500
394.559082031250
394.930664062500
395.302246093750
395.664062500000
396.034667968750
396.398925781250
396.772949218750
397.140136718750
397.509765625000
397.875000000000
398.242187500000
398.607910156250
398.976074218750
399.344726562500
399.710937500000
400.071289062500
400.437500000000
400.805175781250
401.175781250000
401.537597656250
401.906738281250
402.268066406250
402.640136718750
403.008300781250
403.374511718750
403.730468750000
404.101562500000
404.461914062500
404.830566406250
405.198242187500
405.568359375000
405.932128906250
406.298828125000
406.658691406250
407.028320312500
407.394042968750
407.759277343750
408.115722656250
408.480468750000
408.838378906250
409.204589843750
409.563964843750
409.926757812500
410.280273437500
410.647460937500
411.008789062500
411.372558593750
411.718750000000
412.081542968750
412.433593750000
412.798828125000
413.155273437500
413.519042968750
413.875000000000
414.229980468750
414.587890625000
414.954101562500
415.313476562500
415.675781250000
416.030273437500
416.390625000000
416.748535156250
417.113281250000
417.468750000000
417.827636718750
418.185546875000
418.548828125000
418.907226562500
419.258300781250
419.610351562500
419.975097656250
420.334960937500
420.691406250000
421.038085937500
421.403320312500
421.762207031250
422.114257812500
422.462890625000
422.820800781250
423.183593750000
423.545410156250
423.893066406250
424.246093750000
424.604980468750
424.968750000000
425.329101562500
425.687500000000
426.040527343750
426.401855468750
426.763183593750
427.121582031250
427.467285156250
427.828613281250
428.190429687500
428.547851562500
428.898437500000
429.259277343750
429.612304687500
429.976074218750
430.335937500000
430.686035156250
431.029785156250
431.392089843750
431.750976562500
432.109375000000
432.460937500000
432.820312500000
433.177734375000
433.531738281250
433.883789062500
434.243164062500
434.599609375000
434.961914062500
435.321289062500
435.679687500000
436.030761718750
436.393066406250
436.755371093750
437.114746093750
437.468750000000
437.826660156250
438.187011718750
438.547363281250
438.899414062500
439.259765625000
439.616210937500
439.978027343750
440.337402343750
440.687988281250
441.041015625000
441.405273437500
441.761718750000
442.118652343750
442.466308593750
442.824218750000
443.186523437500
443.546875000000
443.902343750000
444.250976562500
444.603515625000
444.967773437500
445.326660156250
445.687011718750
446.039062500000
446.391113281250
446.750976562500
447.112792968750
447.462402343750
447.820800781250
448.173828125000
448.540039062500
448.892089843750
449.249511718750
449.596679687500
449.962402343750
450.320312500000
450.671875000000
451.018066406250
451.375000000000
451.721679687500
452.084472656250
452.437500000000
452.799804687500
453.148437500000
453.503906250000
453.857910156250
454.218261718750
454.561523437500
454.921386718750
455.269042968750
455.630371093750
455.985351562500
456.340332031250
456.688964843750
457.054687500000
457.406738281250
457.773437500000
458.118164062500
458.477050781250
458.834960937500
459.199707031250
459.549804687500
459.912597656250
460.267578125000
460.633789062500
460.984375000000
461.344238281250
461.696777343750
462.057617187500
462.414550781250
462.764648437500
463.118164062500
463.480957031250
463.831054687500
464.195800781250
464.544921875000
464.907714843750
465.259277343750
465.617187500000
465.963867187500
466.329101562500
466.679687500000
467.040527343750
467.390625000000
467.751464843750
468.109375000000
468.469238281250
468.817871093750
469.176269531250
469.530761718750
469.890625000000
470.239746093750
470.595703125000
470.947753906250
471.310546875000
471.660644531250
472.016601562500
472.366210937500
472.729003906250
473.078125000000
473.436035156250
473.785156250000
474.145996093750
474.493652343750
474.845703125000
475.194824218750
475.554687500000
475.906250000000
476.257324218750
476.603515625000
476.964355468750
477.316894531250
477.668457031250
478.017089843750
478.375488281250
478.732421875000
479.089843750000
479.438964843750
479.796386718750
480.154296875000
480.509277343750
480.856445312500
481.215332031250
481.571777343750
481.924316406250
482.271972656250
482.627441406250
482.982910156250
483.337402343750
483.687011718750
484.039062500000
484.390625000000
484.747558593750
485.093261718750
485.447753906250
485.791015625000
486.146484375000
486.498535156250
486.852539062500
487.205078125000
487.554199218750
487.897460937500
488.249511718750
488.603027343750
488.957031250000
489.301269531250
489.649414062500
490.005371093750
490.354492187500
490.710937500000
491.052246093750
491.404296875000
491.756835937500
492.110351562500
492.458984375000
492.812988281250
493.157226562500
493.515625000000
493.866699218750
494.215332031250
494.558105468750
494.916015625000
495.268554687500
495.622070312500
495.963867187500
496.318359375000
496.666992187500
497.022460937500
497.375488281250
497.726562500000
498.072753906250
498.430175781250
498.780273437500
499.126953125000
499.478027343750
499.831054687500
500.179199218750
500.526367187500
500.875976562500
501.227539062500
501.567382812500
501.920898437500
502.267089843750
502.614257812500
502.955078125000
503.303222656250
503.650390625000
503.998535156250
504.351562500000
504.694824218750
505.039550781250
505.377929687500
505.732421875000
506.077148437500
506.427246093750
506.768066406250
507.125976562500
507.476562500000
507.824218750000
508.171386718750
508.527343750000
508.879882812500
509.227050781250
509.572753906250
509.926269531250
510.278808593750
510.624511718750
510.966308593750
511.319335937500
511.666015625000
512.002441406250
512.350585937500
512.691406250000
513.040527343750
513.382812500000
513.720703125000
514.063964843750
514.414550781250
514.760253906250
515.104003906250
515.445312500000
515.799316406250
516.144531250000
516.492675781250
516.834960937500
517.187988281250
517.539062500000
517.884765625000
518.229492187500
518.579589843750
518.929199218750
519.273437500000
519.620605468750
519.968261718750
520.305664062500
520.651367187500
520.994628906250
521.338867187500
521.687500000000
522.021972656250
522.368652343750
522.708496093750
523.054199218750
523.398437500000
523.740722656250
524.080566406250
524.429687500000
524.773925781250
525.123535156250
525.460937500000
525.806152343750
526.147949218750
526.499023437500
526.844238281250
527.189941406250
527.530761718750
527.876953125000
528.221191406250
528.571289062500
528.918457031250
529.265136718750
529.603515625000
529.948730468750
530.296875000000
530.642578125000
530.984375000000
531.325683593750
531.664550781250
532.008789062500
532.353027343750
532.691406250000
533.033203125000
533.374023437500
533.720703125000
534.062988281250
534.414062500000
534.746093750000
535.091796875000
535.434082031250
535.789062500000
536.123535156250
536.472167968750
536.814453125000
537.167968750000
537.515625000000
537.860839843750
538.205078125000
538.554199218750
538.905273437500
539.253906250000
539.597656250000
539.944335937500
540.294921875000
540.641601562500
540.977539062500
541.325195312500
541.665527343750
542.009277343750
542.357910156250
542.696777343750
543.046875000000
543.382812500000
543.731933593750
544.078125000000
544.424804687500
544.769531250000
545.114257812500
545.457031250000
545.807617187500
546.156250000000
546.499023437500
546.835449218750
547.180175781250
547.522949218750
547.865722656250
548.204101562500
548.539062500000
548.881835937500
549.219726562500
549.562988281250
549.902343750000
550.249511718750
550.591796875000
550.937988281250
551.274414062500
551.619140625000
551.966308593750
552.308105468750
552.647949218750
552.989746093750
553.333007812500
553.671386718750
554.004394531250
554.345703125000
554.686035156250
555.023437500000
555.362792968750
555.692871093750
556.033203125000
556.369140625000
556.712402343750
557.047363281250
557.390136718750
557.726562500000
558.071777343750
558.414062500000
558.751953125000
559.088378906250
559.432617187500
559.775390625000
560.115234375000
560.447753906250
560.789062500000
561.125000000000
561.468750000000
561.804199218750
562.142089843750
562.478027343750
562.812988281250
563.154785156250
563.491210937500
563.827636718750
564.163574218750
564.507812500000
564.847167968750
565.189453125000
565.524414062500
565.867187500000
566.205566406250
566.554199218750
566.896484375000
567.239257812500
567.577636718750
567.917968750000
568.256347656250
568.603027343750
568.946289062500
569.287597656250
569.624511718750
569.966796875000
570.303710937500
570.648925781250
570.992187500000
571.330078125000
571.666015625000
572.012207031250
572.351562500000
572.687988281250
573.023925781250
573.365722656250
573.702148437500
574.037109375000
574.378417968750
574.718261718750
575.062500000000
575.392578125000
575.735351562500
576.074218750000
576.420898437500
576.756347656250
577.097656250000
577.436035156250
577.781250000000
578.122558593750
578.467773437500
578.804687500000
579.148925781250
579.492675781250
579.837890625000
580.177734375000
580.522949218750
580.866210937500
581.207031250000
581.543457031250
581.890625000000
582.233886718750
582.571289062500
582.906738281250
583.250000000000
583.588378906250
583.920898437500
584.259765625000
584.598632812500
584.942382812500
585.273437500000
585.612792968750
585.951660156250
586.300781250000
586.632812500000
586.976562500000
587.312500000000
587.661621093750
588
588.341796875000
588.685546875000
589.025878906250
589.366699218750
589.706542968750
590.049316406250
590.390136718750
590.721191406250
591.061523437500
591.399902343750
591.733398437500
592.070800781250
592.406738281250
592.750488281250
593.082031250000
593.417480468750
593.755371093750
594.102539062500
594.437011718750
594.776367187500
595.108886718750
595.454101562500
595.792480468750
596.132812500000
596.467285156250
596.805664062500
597.140625000000
597.484863281250
597.820800781250
598.150390625000
598.487304687500
598.820312500000
599.158691406250
599.491210937500
599.834472656250
600.159667968750
600.500976562500
600.834960937500
601.173339843750
601.506835937500
601.851562500000
602.181640625000
602.522949218750
602.857421875000
603.197753906250
603.540039062500
603.876464843750
604.207519531250
604.546386718750
604.881835937500
605.214355468750
605.554687500000
605.880371093750
606.217285156250
606.549316406250
606.890625000000
607.220214843750
607.561035156250
607.894042968750
608.236816406250
608.575195312500
608.914550781250
609.250000000000
609.586425781250
609.921386718750
610.259765625000
610.587890625000
610.920410156250
611.257324218750
611.590820312500
611.925781250000
612.258789062500
612.595214843750
612.931152343750
613.271972656250
613.608398437500
613.945800781250
614.279296875000
614.617675781250
614.959960937500
615.294921875000
615.623046875000
615.958984375000
616.294433593750
616.630371093750
616.965332031250
617.293457031250
617.635742187500
617.969238281250
618.306640625000
618.639648437500
618.983886718750
619.312011718750
619.656250000000
619.992187500000
620.332519531250
620.664062500000
621.004882812500
621.344238281250
621.680175781250
622.012207031250
622.352050781250
622.690917968750
623.031738281250
623.361328125000
623.702148437500
624.040039062500
624.378417968750
624.706054687500
625.045410156250
625.381835937500
625.711425781250
626.046386718750
626.379394531250
626.719726562500
627.050781250000
627.388671875000
627.723632812500
628.065917968750
628.399414062500
628.737304687500
629.070800781250
629.414550781250
629.750976562500
630.088378906250
630.420410156250
630.756347656250
631.091796875000
631.423339843750
631.758789062500
632.084472656250
632.420410156250
632.757812500000
633.095703125000
633.423339843750
633.762207031250
634.098144531250
634.437500000000
634.766601562500
635.104980468750
635.441406250000
635.774414062500
636.103027343750
636.436035156250
636.770996093750
637.101562500000
637.430664062500
637.757324218750
638.092773437500
638.424804687500
638.763671875000
639.091796875000
639.429687500000
639.760253906250
640.101562500000
640.437011718750
640.768066406250
641.100585937500
641.437500000000
641.767089843750
642.095214843750
642.429687500000
642.759765625000
643.095214843750
643.424804687500
643.765625000000
644.093750000000
644.431640625000
644.764160156250
645.106445312500
645.437011718750
645.772949218750
646.103515625000
646.445800781250
646.781250000000
647.116699218750
647.443847656250
647.776367187500
648.109863281250
648.436523437500
648.766113281250
649.095703125000
649.436035156250
649.765625000000
650.099609375000
650.429199218750
650.769042968750
651.105468750000
651.438476562500
651.766113281250
652.102539062500
652.431152343750
652.757324218750
653.087890625000
653.415039062500
653.751953125000
654.077636718750
654.412597656250
654.741699218750
655.079589843750
655.406738281250
655.740722656250
656.069824218750
656.406250000000
656.734863281250
657.057128906250
657.386230468750
657.712402343750
658.048828125000