0.175292968750000
0.905273437500000
1.64062500000000
2.40039062500000
3.11474609375000
3.83056640625000
4.53466796875000
5.21337890625000
5.88427734375000
6.53515625000000
7.15917968750000
7.77392578125000
8.37646484375000
8.96289062500000
9.54345703125000
10.1250000000000
10.7099609375000
11.2900390625000
11.8847656250000
12.4995117187500
13.1323242187500
13.7500000000000
14.3593750000000
14.9570312500000
15.5625000000000
16.1650390625000
16.7836914062500
17.3959960937500
18.0083007812500
18.6069335937500
19.2065429687500
19.7978515625000
20.3808593750000
20.9599609375000
21.5405273437500
22.1069335937500
22.6655273437500
23.2187500000000
23.7675781250000
24.3173828125000
24.8623046875000
25.3989257812500
25.9379882812500
26.4760742187500
27.0180664062500
27.5478515625000
28.0776367187500
28.6035156250000
29.1303710937500
29.6567382812500
30.1948242187500
30.7260742187500
31.2529296875000
31.7817382812500
32.3051757812500
32.8305664062500
33.3583984375000
33.8857421875000
34.4077148437500
34.9291992187500
35.4453125000000
35.9633789062500
36.4843750000000
37.0278320312500
37.5625000000000
38.1010742187500
38.6308593750000
39.1601562500000
39.6889648437500
40.2236328125000
40.7651367187500
41.3115234375000
41.8515625000000
42.3867187500000
42.9169921875000
43.4472656250000
43.9829101562500
44.5268554687500
45.0722656250000
45.6123046875000
46.1499023437500
46.6899414062500
47.2358398437500
47.7900390625000
48.3569335937500
48.9282226562500
49.5092773437500
50.1079101562500
50.6894531250000
51.2832031250000
51.8676757812500
52.4370117187500
52.9985351562500
53.5546875000000
54.1079101562500
54.6625976562500
55.2172851562500
55.7744140625000
56.3291015625000
56.8720703125000
57.4042968750000
57.9291992187500
58.4536132812500
58.9770507812500
59.4990234375000
60.0234375000000
60.5483398437500
61.0815429687500
61.6254882812500
62.1782226562500
62.7353515625000
63.2817382812500
63.8198242187500
64.3476562500000
64.8754882812500
65.4003906250000
65.9287109375000
66.4580078125000
66.9853515625000
67.5092773437500
68.0317382812500
68.5541992187500
69.0786132812500
69.5961914062500
70.1142578125000
70.6372070312500
71.1655273437500
71.6889648437500
72.2109375000000
72.7407226562500
73.2690429687500
73.7900390625000
74.3100585937500
74.8291015625000
75.3427734375000
75.8491210937500
76.3496093750000
76.8471679687500
77.3408203125000
77.8359375000000
78.3261718750000
78.8203125000000
79.3139648437500
79.8110351562500
80.3076171875000
80.8100585937500
81.3110351562500
81.8100585937500
82.3076171875000
82.8027343750000
83.3027343750000
83.7993164062500
84.2934570312500
84.7836914062500
85.2719726562500
85.7587890625000
86.2485351562500
86.7333984375000
87.2192382812500
87.7060546875000
88.1967773437500
88.6967773437500
89.2041015625000
89.7045898437500
90.1992187500000
90.7016601562500
91.2045898437500
91.7260742187500
92.2592773437500
92.7905273437500
93.3295898437500
93.8769531250000
94.4345703125000
94.9912109375000
95.5302734375000
96.0620117187500
96.5742187500000
97.0800781250000
97.5830078125000
98.0795898437500
98.5727539062500
99.0615234375000
99.5458984375000
100.029296875000
100.513671875000
101
101.489746093750
101.987304687500
102.486816406250
102.985351562500
103.479980468750
103.979003906250
104.478515625000
104.975097656250
105.465820312500
105.959960937500
106.448242187500
106.937988281250
107.428222656250
107.913574218750
108.400390625000
108.885253906250
109.373535156250
109.856933593750
110.337890625000
110.817382812500
111.296386718750
111.772949218750
112.242675781250
112.711914062500
113.181640625000
113.655273437500
114.125976562500
114.600097656250
115.070800781250
115.539062500000
116.002929687500
116.469238281250
116.934570312500
117.400390625000
117.866210937500
118.330566406250
118.798339843750
119.268554687500
119.741210937500
120.219238281250
120.692871093750
121.158691406250
121.626464843750
122.098632812500
122.570800781250
123.043945312500
123.516113281250
123.986328125000
124.455078125000
124.922851562500
125.384277343750
125.846191406250
126.311523437500
126.778808593750
127.249023437500
127.720214843750
128.189941406250
128.661621093750
129.132324218750
129.598144531250
130.062988281250
130.529296875000
130.998046875000
131.469726562500
131.942871093750
132.420410156250
132.895996093750
133.372070312500
133.854003906250
134.341308593750
134.825195312500
135.313964843750
135.807128906250
136.299804687500
136.787597656250
137.273437500000
137.762695312500
138.252441406250
138.741699218750
139.227539062500
139.710449218750
140.189453125000
140.669921875000
141.154785156250
141.638183593750
142.117675781250
142.595214843750
143.075683593750
143.556152343750
144.048339843750
144.541992187500
145.047851562500
145.556152343750
146.069335937500
146.579589843750
147.083496093750
147.580078125000
148.077148437500
148.565429687500
149.053710937500
149.535156250000
150.015136718750
150.492187500000
150.966796875000
151.438964843750
151.912597656250
152.381347656250
152.845214843750
153.316406250000
153.788085937500
154.258300781250
154.725585937500
155.193847656250
155.663085937500
156.135742187500
156.612304687500
157.086425781250
157.558105468750
158.036132812500
158.517089843750
158.993164062500
159.467285156250
159.939941406250
160.417968750000
160.891601562500
161.364746093750
161.835937500000
162.310058593750
162.779785156250
163.245605468750
163.708984375000
164.171875000000
164.633789062500
165.094238281250
165.554199218750
166.010742187500
166.466308593750
166.921875000000
167.376953125000
167.833496093750
168.287597656250
168.738281250000
169.184570312500
169.630859375000
170.075683593750
170.518066406250
170.961425781250
171.405273437500
171.851074218750
172.298339843750
172.742187500000
173.188964843750
173.633300781250
174.073730468750
174.515625000000
174.959472656250
175.405761718750
175.854003906250
176.304199218750
176.755371093750
177.204101562500
177.648437500000
178.094238281250
178.543457031250
178.998046875000
179.456542968750
179.916015625000
180.375976562500
180.836425781250
181.295898437500
181.752441406250
182.209472656250
182.657714843750
183.103515625000
183.551757812500
184
184.448242187500
184.896484375000
185.341308593750
185.788085937500
186.233886718750
186.678710937500
187.124511718750
187.568359375000
188.007812500000
188.448730468750
188.891601562500
189.335449218750
189.777343750000
190.219726562500
190.662597656250
191.101562500000
191.541015625000
191.981445312500
192.420410156250
192.861328125000
193.303710937500
193.745117187500
194.182617187500
194.618652343750
195.052246093750
195.486816406250
195.923339843750
196.360351562500
196.804199218750
197.244628906250
197.681152343750
198.119140625000
198.553710937500
198.987304687500
199.423828125000
199.860351562500
200.297363281250
200.735839843750
201.174316406250
201.612792968750
202.048828125000
202.479003906250
202.909667968750
203.345214843750
203.781250000000
204.217773437500
204.655273437500
205.091796875000
205.523925781250
205.959472656250
206.397460937500
206.835449218750
207.273437500000
207.710449218750
208.147949218750
208.586914062500
209.018066406250
209.451171875000
209.883300781250
210.318359375000
210.754394531250
211.190917968750
211.625976562500
212.058593750000
212.486328125000
212.915527343750
213.345214843750
213.775390625000
214.209472656250
214.640136718750
215.070800781250
215.495117187500
215.921386718750
216.351074218750
216.781738281250
217.215332031250
217.650390625000
218.084472656250
218.516113281250
218.949218750000
219.384277343750
219.815917968750
220.250000000000
220.686035156250
221.120605468750
221.555664062500
221.990722656250
222.422363281250
222.852539062500
223.281738281250
223.713378906250
224.147460937500
224.582519531250
225.017089843750
225.446777343750
225.880371093750
226.310058593750
226.737792968750
227.164062500000
227.594726562500
228.024414062500
228.459960937500
228.895507812500
229.330078125000
229.766113281250
230.203613281250
230.641601562500
231.080078125000
231.522949218750
231.961914062500
232.403808593750
232.850097656250
233.298339843750
233.748535156250
234.196289062500
234.643554687500
235.090332031250
235.537597656250
235.984375000000
236.434082031250
236.882812500000
237.333496093750
237.784667968750
238.240722656250
238.697265625000
239.152832031250
239.609375000000
240.065429687500
240.519531250000
240.973632812500
241.429199218750
241.883789062500
242.334960937500
242.787109375000
243.232421875000
243.676269531250
244.123046875000
244.570312500000
245.014648437500
245.458984375000
245.900390625000
246.345703125000
246.790527343750
247.233398437500
247.673828125000
248.114746093750
248.555664062500
248.991210937500
249.420898437500
249.852539062500
250.283691406250
250.714843750000
251.145507812500
251.578125000000
252.013183593750
252.445312500000
252.878906250000
253.312988281250
253.749023437500
254.180664062500
254.610839843750
255.040039062500
255.469238281250
255.899902343750
256.328613281250
256.756835937500
257.186035156250
257.609375000000
258.029296875000
258.455566406250
258.877441406250
259.297363281250
259.720703125000
260.145996093750
260.572265625000
261
261.428710937500
261.860839843750
262.291015625000
262.719238281250
263.150390625000
263.581054687500
264.015625000000
264.448730468750
264.879394531250
265.312500000000
265.748535156250
266.178222656250
266.603515625000
267.033203125000
267.461914062500
267.886718750000
268.306640625000
268.730957031250
269.150390625000
269.571289062500
269.993164062500
270.416503906250
270.838378906250
271.260253906250
271.684570312500
272.104980468750
272.521972656250
272.937500000000
273.353515625000
273.771972656250
274.188964843750
274.605957031250
275.024902343750
275.439453125000
275.859863281250
276.274902343750
276.686523437500
277.096191406250
277.509765625000
277.920410156250
278.333496093750
278.750000000000
279.164550781250
279.574707031250
279.982421875000
280.389160156250
280.794433593750
281.201660156250
281.604492187500
282.012207031250
282.422851562500
282.828125000000
283.229003906250
283.633789062500
284.039062500000
284.442871093750
284.846679687500
285.254394531250
285.664550781250
286.076660156250
286.483398437500
286.891113281250
287.297851562500
287.706542968750
288.117675781250
288.531738281250
288.946777343750
289.360839843750
289.773925781250
290.187500000000
290.599609375000
291.009765625000
291.416503906250
291.825683593750
292.237792968750
292.649414062500
293.062011718750
293.470703125000
293.882812500000
294.294433593750
294.704101562500
295.110839843750
295.513671875000
295.918457031250
296.326171875000
296.732421875000
297.140136718750
297.546386718750
297.954589843750
298.359375000000
298.759277343750
299.162109375000
299.564453125000
299.965820312500
300.368164062500
300.773925781250
301.178222656250
301.583984375000
301.984375000000
302.381835937500
302.779296875000
303.182617187500
303.584960937500
303.985839843750
304.384277343750
304.781250000000
305.177734375000
305.571289062500
305.967285156250
306.363769531250
306.759277343750
307.156250000000
307.551269531250
307.942871093750
308.329101562500
308.725097656250
309.114746093750
309.506347656250
309.893554687500
310.283203125000
310.671875000000
311.054687500000
311.444335937500
311.830078125000
312.220214843750
312.606445312500
312.988769531250
313.370117187500
313.750976562500
314.135253906250
314.516113281250
314.898437500000
315.281738281250
315.660156250000
316.038574218750
316.420898437500
316.801757812500
317.180664062500
317.556640625000
317.937500000000
318.313964843750
318.695312500000
319.073242187500
319.458984375000
319.837402343750
320.218750000000
320.597656250000
320.981933593750
321.365234375000
321.748535156250
322.128417968750
322.512695312500
322.894042968750
323.278320312500
323.663574218750
324.045410156250
324.423828125000
324.805664062500
325.187988281250
325.570312500000
325.951660156250
326.333984375000
326.710937500000
327.090332031250
327.470214843750
327.852539062500
328.233886718750
328.615234375000
328.991210937500
329.368652343750
329.750000000000
330.131835937500
330.514160156250
330.896972656250
331.273437500000
331.655761718750
332.039062500000
332.422363281250
332.801757812500
333.187988281250
333.569335937500
333.954589843750
334.339355468750
334.730468750000
335.118164062500
335.507812500000
335.897949218750
336.287597656250
336.680175781250
337.075683593750
337.468750000000
337.864746093750
338.258300781250
338.650390625000
339.042480468750
339.433105468750
339.824707031250
340.210937500000
340.602050781250
340.995117187500
341.384277343750
341.768554687500
342.156738281250
342.542968750000
342.928222656250
343.314941406250
343.705078125000
344.094238281250
344.479492187500
344.868164062500
345.255371093750
345.640625000000
346.025390625000
346.414062500000
346.803222656250
347.189453125000
347.576660156250
347.962402343750
348.349121093750
348.736328125000
349.121093750000
349.509277343750
349.898437500000
350.288085937500
350.673339843750
351.055175781250
351.438964843750
351.820312500000
352.205078125000
352.585937500000
352.971191406250
353.351562500000
353.733398437500
354.117187500000
354.498535156250
354.882812500000
355.267578125000
355.654785156250
356.039550781250
356.426757812500
356.812500000000
357.200683593750
357.585937500000
357.977539062500
358.363281250000
358.750000000000
359.136230468750
359.527343750000
359.914062500000
360.298828125000
360.683593750000
361.068847656250
361.453125000000
361.836914062500
362.218750000000
362.603027343750
362.984375000000
363.366210937500
363.746093750000
364.133300781250
364.515625000000
364.897460937500
365.281250000000
365.666992187500
366.050781250000
366.432617187500
366.817871093750
367.204589843750
367.585937500000
367.970214843750
368.355468750000
368.740722656250
369.121093750000
369.501953125000
369.882812500000
370.265136718750
370.644531250000
371.023925781250
371.402343750000
371.782226562500
372.160156250000
372.539062500000
372.914062500000
373.293945312500
373.671875000000
374.048828125000
374.429687500000
374.805175781250
375.183593750000
375.560546875000
375.937500000000
376.318359375000
376.695312500000
377.074707031250
377.453125000000
377.830566406250
378.209960937500
378.585937500000
378.962402343750
379.341796875000
379.719726562500
380.099121093750
380.479003906250
380.858886718750
381.237792968750
381.618652343750
382.000488281250
382.379882812500
382.760742187500
383.141113281250
383.523925781250
383.905761718750
384.286621093750
384.666992187500
385.049316406250
385.431152343750
385.812988281250
386.194335937500
386.577148437500
386.958984375000
387.340332031250
387.720214843750
388.102050781250
388.483398437500
388.863769531250
389.243164062500
389.623535156250
390.005371093750
390.383300781250
390.764648437500
391.143066406250
391.522460937500
391.900390625000
392.280273437500
392.658203125000
393.038574218750
393.414062500000
393.791992187500
394.169433593750
394.544921875000
394.921386718750
395.297363281250
395.673828125000
396.053222656250
396.429687500000
396.804687500000
397.181152343750
397.557128906250
397.937011718750
398.317871093750
398.695800781250
399.076171875000
399.455078125000
399.838867187500
400.218750000000
400.604492187500
400.986328125000
401.370605468750
401.750976562500
402.135742187500
402.520996093750
402.903320312500
403.282714843750
403.669433593750
404.049804687500
404.432617187500
404.814941406250
405.200683593750
405.580566406250
405.963867187500
406.349121093750
406.733398437500
407.117675781250
407.501953125000
407.888183593750
408.272949218750
408.656250000000
409.040527343750
409.423339843750
409.805664062500
410.187011718750
410.570312500000
410.950683593750
411.332031250000
411.709960937500
412.090332031250
412.469238281250
412.849609375000
413.227539062500
413.606933593750
413.983886718750
414.361328125000
414.740234375000
415.116210937500
415.492675781250
415.869628906250
416.244140625000
416.617187500000
416.993164062500
417.367187500000
417.739257812500
418.115722656250
418.486328125000
418.855468750000
419.228515625000
419.600585937500
419.971679687500
420.342773437500
420.714355468750
421.087402343750
421.459960937500
421.832031250000
422.204589843750
422.580078125000
422.954589843750
423.326660156250
423.701660156250
424.078125000000
424.454589843750
424.828125000000
425.203613281250
425.580566406250
425.956542968750
426.332031250000
426.705566406250
427.084472656250
427.461425781250
427.838378906250
428.218261718750
428.593750000000
428.970703125000
429.348632812500
429.725097656250
430.105468750000
430.483398437500
430.859375000000
431.235351562500
431.609375000000
431.986816406250
432.365722656250
432.738281250000
433.112792968750
433.490722656250
433.865234375000
434.240234375000
434.613281250000
434.990234375000
435.365234375000
435.740234375000
436.114746093750
436.486328125000
436.865234375000
437.238281250000
437.616210937500
437.991699218750
438.368164062500
438.743652343750
439.120117187500
439.497070312500
439.875000000000
440.250000000000
440.631347656250
441.008300781250
441.386230468750
441.765625000000
442.141601562500
442.518066406250
442.897460937500
443.273437500000
443.649414062500
444.024414062500
444.400878906250
444.777343750000
445.150390625000
445.524414062500
445.900390625000
446.273437500000
446.649902343750
447.023437500000
447.400390625000
447.773437500000
448.150390625000
448.523925781250
448.899414062500
449.273437500000
449.647949218750
450.022949218750
450.397460937500
450.769531250000
451.145996093750
451.519531250000
451.892089843750
452.265625000000
452.638671875000
453.011718750000
453.383789062500
453.753906250000
454.126464843750
454.496093750000
454.872070312500
455.238281250000
455.612304687500
455.984375000000
456.353515625000
456.722656250000
457.094238281250
457.464843750000
457.835449218750
458.203125000000
458.577148437500
458.945312500000
459.317871093750
459.687500000000
460.062988281250
460.436035156250
460.809570312500
461.185546875000
461.557617187500
461.930175781250
462.303222656250
462.677734375000
463.048828125000
463.418945312500
463.792480468750
464.165039062500
464.538085937500
464.911132812500
465.287597656250
465.658203125000
466.033691406250
466.409667968750
466.788085937500
467.163085937500
467.539062500000
467.916992187500
468.297851562500
468.678710937500
469.056152343750
469.436523437500
469.814941406250
470.196289062500
470.578125000000
470.955078125000
471.332031250000
471.705566406250
472.084472656250
472.460449218750
472.835937500000
473.218261718750
473.597656250000
473.975097656250
474.358886718750
474.738769531250
475.119628906250
475.502929687500
475.885253906250
476.266601562500
476.647460937500
477.030273437500
477.412597656250
477.791015625000
478.171386718750
478.551757812500
478.931640625000
479.312500000000
479.689941406250
480.066406250000
480.445800781250
480.820312500000
481.196289062500
481.574218750000
481.945312500000
482.320312500000
482.689453125000
483.062500000000
483.437988281250
483.812011718750
484.183593750000
484.557617187500
484.930664062500
485.301269531250
485.672851562500
486.047851562500
486.417480468750
486.787109375000
487.156250000000
487.527832031250
487.895996093750
488.259765625000
488.626953125000
488.996582031250
489.364257812500
489.728027343750
490.091796875000
490.459472656250
490.822265625000
491.182617187500
491.545410156250
491.909179687500
492.271484375000
492.633300781250
492.995605468750
493.356445312500
493.717773437500
494.080566406250
494.443847656250
494.804687500000
495.165039062500
495.528320312500
495.892089843750
496.254394531250
496.615722656250
496.977539062500
497.342285156250
497.703613281250
498.062011718750
498.420898437500
498.782714843750
499.143554687500
499.502929687500
499.862304687500
500.225097656250
500.583984375000
500.944335937500
501.305175781250
501.666503906250
502.030273437500
502.392578125000
502.755371093750
503.119628906250
503.485351562500
503.850097656250
504.211425781250
504.575683593750
504.939453125000
505.306640625000
505.673339843750
506.039550781250
506.405273437500
506.772949218750
507.139648437500
507.506835937500
507.872558593750
508.237792968750
508.603027343750
508.970703125000
509.334960937500
509.699218750000
510.064941406250
510.431152343750
510.796386718750
511.161621093750
511.524902343750
511.890625000000
512.257812500000
512.623535156250
512.985839843750
513.353027343750
513.717773437500
514.083007812500
514.445800781250
514.811523437500
515.176269531250
515.539550781250
515.901855468750
516.267089843750
516.630859375000
516.993652343750
517.356933593750
517.721191406250
518.083496093750
518.445312500000
518.809570312500
519.173339843750
519.533691406250
519.894042968750
520.258300781250
520.620605468750
520.980957031250
521.341796875000
521.702636718750
522.062500000000
522.423339843750
522.781250000000
523.141601562500
523.504882812500
523.861816406250
524.220214843750
524.581054687500
524.944335937500
525.301757812500
525.658203125000
526.017578125000
526.376953125000
526.734863281250
527.091308593750
527.450683593750
527.806640625000
528.166015625000
528.523925781250
528.881347656250
529.236328125000
529.592773437500
529.953613281250
530.306640625000
530.660156250000
531.015625000000
531.372558593750
531.725097656250
532.077636718750
532.430175781250
532.782226562500
533.134765625000
533.488281250000
533.841308593750
534.194335937500
534.548828125000
534.902832031250
535.258300781250
535.614257812500
535.968750000000
536.323730468750
536.680175781250
537.038085937500
537.392089843750
537.748046875000
538.101562500000
538.459472656250
538.812500000000
539.169433593750
539.526855468750
539.882324218750
540.235839843750
540.591308593750
540.946777343750
541.303222656250
541.657226562500
542.010742187500
542.367675781250
542.722167968750
543.076660156250
543.428222656250
543.784179687500
544.140136718750
544.490722656250
544.842285156250
545.195312500000
545.547363281250
545.898437500000
546.251953125000
546.604980468750
546.959472656250
547.312500000000
547.670410156250
548.025878906250
548.383300781250
548.739746093750
549.096191406250
549.456542968750
549.812988281250
550.171875000000
550.528320312500
550.884765625000
551.248046875000
551.603027343750
551.960937500000
552.318847656250
552.679199218750
553.036621093750
553.394042968750
553.751464843750
554.109863281250
554.466796875000
554.821777343750
555.178710937500
555.537109375000
555.892578125000
556.244140625000
556.601074218750
556.954101562500
557.308105468750
557.661621093750
558.017578125000
558.375976562500
558.730957031250
559.086914062500
559.444335937500
559.800781250000
560.156250000000
560.513671875000
560.868164062500
561.228515625000
561.585937500000
561.943847656250
562.298828125000
562.659179687500
563.016601562500
563.374511718750
563.730468750000
564.091308593750
564.448242187500
564.803710937500
565.162597656250
565.518066406250
565.876464843750
566.233886718750
566.589355468750
566.950642258677
567.296875000000
567.655761718750
568.007812500000
568.362304687500
568.717285156250
569.071777343750
569.422363281250
569.776855468750
570.132812500000
570.483398437500
570.836914062500
571.190429687500
571.542968750000
571.900390625000
572.257324218750
572.614257812500
572.970214843750
573.327636718750
573.687011718750
574.041992187500
574.399902343750
574.757812500000
575.114257812500
575.471679687500
575.828613281250
576.187988281250
576.545410156250
576.899414062500
577.258300781250
577.616699218750
577.976562500000
578.333984375000
578.689453125000
579.048339843750
579.408203125000
579.765136718750
580.121582031250
580.479492187500
580.838867187500
581.196289062500
581.551757812500
581.909179687500
582.267578125000
582.624023437500
582.976562500000
583.333007812500
583.688964843750
584.040527343750
584.393554687500
584.748046875000
585.100585937500
585.453125000000
585.806152343750
586.158203125000
586.514648437500
586.868164062500
587.224609375000
587.578125000000
587.935546875000
588.289062500000
588.642578125000
588.998535156250
589.354492187500
589.709960937500
590.062988281250
590.419921875000
590.771484375000
591.126953125000
591.485839843750
591.841796875000
592.196777343750
592.553710937500
592.907714843750
593.267089843750
593.624511718750
593.974609375000
594.329589843750
594.686035156250
595.037597656250
595.388183593750
595.738281250000
596.088867187500
596.441406250000
596.791992187500
597.145019531250
597.497558593750
597.847167968750
598.202148437500
598.553222656250
598.906250000000
599.259765625000
599.613281250000
599.969238281250
600.321777343750
600.674804687500
601.027832031250
601.382812500000
601.734375000000
602.088378906250
602.439453125000
602.795898437500
603.149902343750
603.501464843750
603.853027343750
604.208984375000
604.562988281250
604.916503906250
605.269042968750
605.623046875000
605.976562500000
606.325683593750
606.675292968750
607.029785156250
607.376464843750
607.724609375000
608.073242187500
608.423828125000
608.771972656250
609.123046875000
609.472656250000
609.821777343750
610.173828125000
610.522460937500
610.870117187500
611.220214843750
611.571777343750
611.922363281250
612.270996093750
612.618652343750
612.975097656250
613.326171875000
613.672851562500
614.022460937500
614.373535156250
614.725179017301
615.068847656250
615.415527343750
615.763183593750
616.108886718750
616.457519531250
616.808105468750
617.156738281250
617.504882812500
617.854003906250
618.205078125000
618.553710937500
618.904296875000
619.251953125000
619.604980468750
619.954101562500
620.303710937500
620.653320312500
621.001464843750
621.352539062500
621.700683593750
622.048339843750
622.393554687500
622.740722656250
623.088378906250
623.436035156250
623.786621093750
624.134765625000
624.484863281250
624.835449218750
625.186035156250
625.533203125000
625.888671875000
626.235839843750
626.590820312500
626.940917968750
627.294433593750
627.648925781250
627.999511718750
628.351562500000
628.704101562500
629.061035156250
629.412597656250
629.761718750000
630.116210937500
630.468750000000
630.820312500000
631.171386718750
631.524414062500
631.875976562500
632.225097656250
632.573730468750
632.924316406250
633.273925781250
633.623046875000
633.973632812500
634.322753906250
634.674316406250
635.025878906250
635.378417968750
635.729980468750
636.082031250000
636.435058593750
636.789550781250
637.142089843750
637.492675781250
637.845214843750
638.196777343750
638.549804687500
638.905273437500
639.253417968750
639.607421875000
639.958496093750
640.313476562500
640.665039062500
641.017578125000
641.369628906250
641.721191406250
642.071777343750
642.420898437500
642.769531250000
643.118652343750
643.468750000000
643.814453125000
644.162597656250
644.508300781250
644.856933593750
645.205566406250
645.554687500000
645.905273437500
646.252441406250
646.602539062500
646.948730468750
647.299804687500
647.648437500000
647.998046875000
648.345703125000
648.701660156250
649.047363281250
649.395996093750
649.743652343750
650.091796875000
650.435058593750
650.781250000000
651.125488281250
651.470214843750
651.813476562500
652.159179687500
652.503417968750
652.850585937500
653.196289062500
653.543945312500
653.890136718750
654.234863281250
654.582031250000
654.925781250000
655.272949218750
655.622558593750
655.967773437500
656.313476562500
656.662109375000
657.008789062500
657.355468750000
657.702148437500
658.046386718750
658.392578125000
658.738281250000
659.082031250000
659.426269531250
659.773437500000
660.118652343750
660.467285156250
660.812011718750
661.159667968750
661.507324218750
661.853027343750
662.195312500000
662.546875000000
662.892089843750
663.237304687500
663.584960937500
663.936523437500
664.282226562500
664.628906250000
664.978027343750
665.325195312500
665.669433593750
666.016601562500
666.359375000000
666.708007812500
667.054199218750
667.400878906250
667.748535156250
668.094726562500
668.444335937500
668.789550781250
669.137695312500
669.484375000000
669.834960937500
670.179687500000
670.528808593750
670.875976562500
671.225585937500
671.571777343750
671.920898437500
672.267578125000
672.613281250000
672.961914062500
673.310058593750
673.651367187500
673.998535156250
674.342773437500
674.687988281250
675.035156250000
675.383300781250
675.728515625000
676.076171875000
676.421386718750
676.767578125000
677.113769531250
677.458984375000
677.807128906250
678.154785156250
678.498046875000
678.843750000000
679.189941406250
679.532226562500