0.238281250000000
0.756835937500000
1.26855468750000
1.78076171875000
2.29150390625000
2.79882812500000
3.29980468750000
3.80224609375000
4.30664062500000
4.80761718750000
5.31250000000000
5.81201171875000
6.31005859375000
6.81201171875000
7.32031250000000
7.83105468750000
8.34326171875000
8.84423828125000
9.34375000000000
9.84228515625000
10.3369140625000
10.8359375000000
11.3310546875000
11.8286132812500
12.3276367187500
12.8217773437500
13.3193359375000
13.8168945312500
14.3115234375000
14.8061523437500
15.3002929687500
15.7924804687500
16.2797851562500
16.7636718750000
17.2490234375000
17.7329101562500
18.2109375000000
18.6884765625000
19.1650390625000
19.6386718750000
20.1118164062500
20.5839843750000
21.0537109375000
21.5234375000000
21.9902343750000
22.4550781250000
22.9233398437500
23.3886718750000
23.8530273437500
24.3178710937500
24.7807617187500
25.2436523437500
25.7055664062500
26.1699218750000
26.6284179687500
27.0888671875000
27.5502929687500
28.0117187500000
28.4707031250000
28.9213867187500
29.3764648437500
29.8305664062500
30.2885742187500
30.7475585937500
31.2055664062500
31.6699218750000
32.1328125000000
32.5966796875000
33.0576171875000
33.5195312500000
33.9829101562500
34.4394531250000
34.9003906250000
35.3613281250000
35.8193359375000
36.2797851562500
36.7353515625000
37.1914062500000
37.6479492187500
38.0991210937500
38.5561523437500
39.0092773437500
39.4638671875000
39.9213867187500
40.3759765625000
40.8320312500000
41.2822265625000
41.7285156250000
42.1821289062500
42.6342773437500
43.0874023437500
43.5356445312500
43.9790039062500
44.4287109375000
44.8818359375000
45.3334960937500
45.7753906250000
46.2216796875000
46.6752929687500
47.1264648437500
47.5805664062500
48.0366210937500
48.4980468750000
48.9633789062500
49.4321289062500
49.9008789062500
50.3769531250000
50.8598632812500
51.3437500000000
51.8300781250000
52.3203125000000
52.8222656250000
53.3212890625000
53.8203125000000
54.3208007812500
54.8198242187500
55.3193359375000
55.8125000000000
56.3002929687500
56.7797851562500
57.2602539062500
57.7421875000000
58.2192382812500
58.6948242187500
59.1665039062500
59.6342773437500
60.0966796875000
60.5610351562500
61.0239257812500
61.4838867187500
61.9423828125000
62.3930664062500
62.8510742187500
63.3012695312500
63.7514648437500
64.2080078125000
64.6635742187500
65.1118164062500
65.5625000000000
66.0151367187500
66.4692382812500
66.9228515625000
67.3779296875000
67.8349609375000
68.2880859375000
68.7412109375000
69.1967773437500
69.6552734375000
70.1118164062500
70.5703125000000
71.0292968750000
71.4887695312500
71.9462890625000
72.3979492187500
72.8579101562500
73.3134765625000
73.7690429687500
74.2280273437500
74.6865234375000
75.1396484375000
75.5961914062500
76.0556640625000
76.5151367187500
76.9755859375000
77.4272460937500
77.8828125000000
78.3388671875000
78.7944335937500
79.2514648437500
79.7065429687500
80.1625976562500
80.6137695312500
81.0683593750000
81.5166015625000
81.9682617187500
82.4189453125000
82.8676757812500
83.3203125000000
83.7670898437500
84.2167968750000
84.6669921875000
85.1176757812500
85.5712890625000
86.0234375000000
86.4760742187500
86.9296875000000
87.3842773437500
87.8374023437500
88.2973632812500
88.7573242187500
89.2104492187500
89.6655273437500
90.1259765625000
90.5815429687500
91.0400390625000
91.4941406250000
91.9521484375000
92.4072265625000
92.8627929687500
93.3188476562500
93.7719726562500
94.2260742187500
94.6743164062500
95.1250000000000
95.5742187500000
96.0205078125000
96.4687500000000
96.9155273437500
97.3671875000000
97.8134765625000
98.2631835937500
98.7182617187500
99.1665039062500
99.6201171875000
100.076660156250
100.533691406250
100.984863281250
101.439453125000
101.899902343750
102.360351562500
102.820800781250
103.282714843750
103.738281250000
104.195312500000
104.649902343750
105.110351562500
105.564941406250
106.021972656250
106.477539062500
106.937500000000
107.393554687500
107.850097656250
108.302246093750
108.756347656250
109.209960937500
109.664550781250
110.118164062500
110.570312500000
111.021484375000
111.472167968750
111.923828125000
112.375488281250
112.827636718750
113.281738281250
113.729492187500
114.181640625000
114.634277343750
115.085937500000
115.539062500000
115.993164062500
116.446289062500
116.899414062500
117.354492187500
117.805175781250
118.258300781250
118.710937500000
119.165039062500
119.618164062500
120.071777343750
120.524414062500
120.974609375000
121.422851562500
121.873046875000
122.320800781250
122.768066406250
123.217285156250
123.665527343750
124.111328125000
124.556640625000
125.003906250000
125.448242187500
125.893066406250
126.338378906250
126.784179687500
127.226074218750
127.669921875000
128.111328125000
128.554687500000
128.999023437500
129.443359375000
129.890625000000
130.333984375000
130.778320312500
131.228027343750
131.679687500000
132.132812500000
132.586425781250
133.041015625000
133.492675781250
133.945800781250
134.400878906250
134.853027343750
135.305175781250
135.759765625000
136.210937500000
136.663574218750
137.111328125000
137.563476562500
138.010253906250
138.459472656250
138.907714843750
139.356445312500
139.804687500000
140.249511718750
140.694335937500
141.140136718750
141.583984375000
142.026367187500
142.469238281250
142.913574218750
143.358886718750
143.804199218750
144.248535156250
144.687011718750
145.126953125000
145.570312500000
146.009277343750
146.450195312500
146.887695312500
147.326171875000
147.764648437500
148.206054687500
148.643066406250
149.079589843750
149.517578125000
149.958984375000
150.395019531250
150.829589843750
151.267089843750
151.700683593750
152.132812500000
152.569824218750
153.001464843750
153.439453125000
153.871582031250
154.305664062500
154.737792968750
155.171386718750
155.605468750000
156.039062500000
156.474609375000
156.908203125000
157.343750000000
157.775390625000
158.209960937500
158.644531250000
159.080566406250
159.514648437500
159.949218750000
160.385742187500
160.820800781250
161.258300781250
161.695800781250
162.134765625000
162.577148437500
163.022460937500
163.464843750000
163.910644531250
164.358886718750
164.801269531250
165.249023437500
165.693847656250
166.139648437500
166.585937500000
167.029785156250
167.475097656250
167.918945312500
168.360351562500
168.802246093750
169.245605468750
169.692871093750
170.142089843750
170.592773437500
171.039062500000
171.486328125000
171.937011718750
172.379882812500
172.830566406250
173.278320312500
173.720703125000
174.168945312500
174.615722656250
175.062988281250
175.509277343750
175.958007812500
176.404296875000
176.848632812500
177.296386718750
177.741210937500
178.185058593750
178.625488281250
179.070312500000
179.514648437500
179.959472656250
180.406250000000
180.852539062500
181.297851562500
181.744140625000
182.193359375000
182.639648437500
183.086425781250
183.531738281250
183.977050781250
184.424316406250
184.867675781250
185.313476562500
185.759277343750
186.202148437500
186.643554687500
187.086914062500
187.525390625000
187.963378906250
188.405273437500
188.844726562500
189.283203125000
189.721191406250
190.159179687500
190.596191406250
191.034179687500
191.469726562500
191.906738281250
192.343261718750
192.779296875000
193.217285156250
193.655273437500
194.092285156250
194.528320312500
194.965332031250
195.396972656250
195.830078125000
196.261230468750
196.690429687500
197.120605468750
197.550781250000
197.979492187500
198.408203125000
198.837402343750
199.264160156250
199.693359375000
200.117187500000
200.546386718750
200.976074218750
201.405273437500
201.834472656250
202.260742187500
202.689941406250
203.120117187500
203.550781250000
203.977050781250
204.405761718750
204.833984375000
205.264160156250
205.689453125000
206.121093750000
206.549316406250
206.978027343750
207.406250000000
207.831054687500
208.258300781250
208.680664062500
209.111328125000
209.538574218750
209.965820312500
210.392578125000
210.819824218750
211.244140625000
211.666503906250
212.096679687500
212.522949218750
212.954101562500
213.382324218750
213.815429687500
214.249511718750
214.681640625000
215.116210937500
215.546875000000
215.977539062500
216.408203125000
216.844726562500
217.275390625000
217.709960937500
218.140136718750
218.563476562500
218.995605468750
219.422851562500
219.851074218750
220.277832031250
220.705078125000
221.133300781250
221.561035156250
221.987304687500
222.414062500000
222.839355468750
223.262695312500
223.687011718750
224.110351562500
224.531250000000
224.958496093750
225.385742187500
225.812500000000
226.237792968750
226.664550781250
227.086914062500
227.512695312500
227.935546875000
228.360351562500
228.784667968750
229.212890625000
229.640625000000
230.071777343750
230.500488281250
230.933105468750
231.366699218750
231.798339843750
232.229980468750
232.663085937500
233.094238281250
233.525878906250
233.954589843750
234.389160156250
234.814453125000
235.248535156250
235.679199218750
236.107421875000
236.533691406250
236.961914062500
237.385742187500
237.813476562500
238.237304687500
238.664062500000
239.091308593750
239.519531250000
239.948730468750
240.380859375000
240.810058593750
241.242675781250
241.673828125000
242.109375000000
242.541015625000
242.970214843750
243.399902343750
243.828613281250
244.257812500000
244.686523437500
245.114257812500
245.539062500000
245.967285156250
246.390625000000
246.815917968750
247.240722656250
247.663574218750
248.084960937500
248.502441406250
248.923828125000
249.344726562500
249.765136718750
250.183105468750
250.604003906250
251.022460937500
251.439453125000
251.857421875000
252.272460937500
252.687500000000
253.101074218750
253.516113281250
253.927734375000
254.338867187500
254.751953125000
255.163574218750
255.568847656250
255.977539062500
256.385742187500
256.791503906250
257.203613281250
257.610839843750
258.019531250000
258.426269531250
258.833984375000
259.237304687500
259.643554687500
260.046875000000
260.454589843750
260.868652343750
261.274414062500
261.686035156250
262.096191406250
262.502441406250
262.914062500000
263.323242187500
263.736328125000
264.144531250000
264.556152343750
264.967773437500
265.375976562500
265.786132812500
266.196289062500
266.607421875000
267.018066406250
267.428710937500
267.844726562500
268.252441406250
268.665039062500
269.073242187500
269.483886718750
269.895019531250
270.305175781250
270.717285156250
271.127441406250
271.538574218750
271.946289062500
272.352539062500
272.764648437500
273.171386718750
273.579589843750
273.987792968750
274.396972656250
274.805175781250
275.214843750000
275.618652343750
276.024414062500
276.433593750000
276.842285156250
277.250000000000
277.658203125000
278.063476562500
278.469238281250
278.875976562500
279.278320312500
279.679687500000
280.088378906250
280.491699218750
280.894531250000
281.297851562500
281.700195312500
282.103515625000
282.504882812500
282.905761718750
283.306640625000
283.710937500000
284.113769531250
284.516601562500
284.917480468750
285.320312500000
285.721191406250
286.123535156250
286.522460937500
286.923828125000
287.327636718750
287.729980468750
288.133789062500
288.533691406250
288.937011718750
289.338867187500
289.742187500000
290.143066406250
290.545898437500
290.951171875000
291.354492187500
291.758300781250
292.164062500000
292.568847656250
292.970214843750
293.374023437500
293.774414062500
294.175292968750
294.577636718750
294.979003906250
295.382812500000
295.784179687500
296.186523437500
296.588378906250
296.990234375000
297.393554687500
297.799316406250
298.208984375000
298.619628906250
299.031738281250
299.445800781250
299.860839843750
300.274414062500
300.694824218750
301.110839843750
301.530761718750
301.945800781250
302.368164062500
302.791503906250
303.218750000000
303.637695312500
304.064941406250
304.494140625000
304.922363281250
305.350585937500
305.776367187500
306.202636718750
306.631347656250
307.062500000000
307.488769531250
307.919433593750
308.349609375000
308.781738281250
309.210937500000
309.642578125000
310.076171875000
310.507324218750
310.946289062500
311.388671875000
311.827636718750
312.269531250000
312.709960937500
313.152832031250
313.593261718750
314.031738281250
314.469238281250
314.905761718750
315.341796875000
315.774902343750
316.208984375000
316.641601562500
317.074707031250
317.507324218750
317.938964843750
318.374511718750
318.806640625000
319.241699218750
319.672363281250
320.104003906250
320.535644531250
320.964843750000
321.397949218750
321.829101562500
322.258300781250
322.685546875000
323.116210937500
323.542968750000
323.971679687500
324.400390625000
324.829589843750
325.252441406250
325.680664062500
326.108886718750
326.538574218750
326.966308593750
327.393066406250
327.820312500000
328.245605468750
328.674316406250
329.100097656250
329.526855468750
329.951660156250
330.375976562500
330.803222656250
331.227539062500
331.648925781250
332.070312500000
332.493652343750
332.916503906250
333.335449218750
333.756835937500
334.174804687500
334.595214843750
335.014160156250
335.428710937500
335.844726562500
336.260742187500
336.675781250000
337.090820312500
337.506835937500
337.921875000000
338.337402343750
338.752441406250
339.169921875000
339.583496093750
339.999511718750
340.413574218750
340.829101562500
341.241210937500
341.655761718750
342.072753906250
342.487792968750
342.904785156250
343.319824218750
343.735839843750
344.151367187500
344.571777343750
344.990722656250
345.408203125000
345.825683593750
346.239746093750
346.660156250000
347.078125000000
347.493164062500
347.911132812500
348.327148437500
348.741210937500
349.155273437500
349.570800781250
349.982910156250
350.398437500000
350.814453125000
351.229003906250
351.643066406250
352.061035156250
352.478515625000
352.893066406250
353.307128906250
353.717773437500
354.127441406250
354.540527343750
354.951171875000
355.360351562500
355.768554687500
356.179687500000
356.589355468750
356.998535156250
357.407226562500
357.813964843750
358.225097656250
358.632324218750
359.041015625000
359.450195312500
359.863281250000
360.273437500000
360.681152343750
361.093750000000
361.504394531250
361.914550781250
362.324218750000
362.735839843750
363.145507812500
363.554199218750
363.962890625000
364.373535156250
364.781250000000
365.187500000000
365.593261718750
366.000976562500
366.406250000000
366.812988281250
367.213378906250
367.618164062500
368.024902343750
368.431640625000
368.832519531250
369.237304687500
369.638183593750
370.041992187500
370.445312500000
370.844238281250
371.244628906250
371.644042968750
372.046386718750
372.445800781250
372.843750000000
373.242675781250
373.644042968750
374.041503906250
374.439941406250
374.839355468750
375.239257812500
375.635742187500
376.032226562500
376.424804687500
376.823730468750
377.218750000000
377.626464843750
378.030761718750
378.435058593750
378.841796875000
379.244140625000
379.649902343750
380.054687500000
380.462890625000
380.874023437500
381.281738281250
381.694335937500
382.102539062500
382.510253906250
382.916992187500
383.324218750000
383.733398437500
384.140136718750
384.550292968750
384.958007812500
385.366699218750
385.772949218750
386.180664062500
386.587890625000
386.992675781250
387.398437500000
387.804199218750
388.206054687500
388.611328125000
389.010253906250
389.416015625000
389.818359375000
390.220214843750
390.623046875000
391.023925781250
391.430175781250
391.827636718750
392.228027343750
392.632812500000
393.032226562500
393.435058593750
393.835937500000
394.236328125000
394.637207031250
395.036621093750
395.437500000000
395.835937500000
396.234375000000
396.632812500000
397.031738281250
397.428222656250
397.823242187500
398.219726562500
398.617187500000
399.013671875000
399.407714843750
399.804199218750
400.197265625000
400.593261718750
400.984375000000
401.381835937500
401.775878906250
402.172363281250
402.562988281250
402.961914062500
403.358886718750
403.755859375000
404.150390625000
404.549804687500
404.945312500000
405.339843750000
405.736816406250
406.137207031250
406.538085937500
406.936523437500
407.338378906250
407.736328125000
408.142578125000
408.546386718750
408.954589843750
409.364746093750
409.773437500000
410.181152343750
410.592773437500
411.002441406250
411.415039062500
411.824218750000
412.230957031250
412.639648437500
413.041992187500
413.446777343750
413.846679687500
414.250976562500
414.650390625000
415.052734375000
415.452148437500
415.851562500000
416.252441406250
416.651855468750
417.052734375000
417.453125000000
417.851562500000
418.251464843750
418.651855468750
419.050292968750
419.449218750000
419.852050781250
420.254394531250
420.652832031250
421.050781250000
421.458496093750
421.861816406250
422.267089843750
422.672363281250
423.076660156250
423.482421875000
423.885742187500
424.294433593750
424.698730468750
425.105468750000
425.514648437500
425.916015625000
426.323730468750
426.726074218750
427.132812500000
427.531250000000
427.929687500000
428.332031250000
428.733886718750
429.131835937500
429.526367187500
429.924316406250
430.323242187500
430.721191406250
431.116699218750
431.511230468750
431.908203125000
432.302246093750
432.697265625000
433.092773437500
433.489257812500
433.882324218750
434.277832031250
434.673828125000
435.071777343750
435.468750000000
435.867187500000
436.265625000000
436.668457031250
437.066406250000
437.465820312500
437.866210937500
438.261718750000
438.664062500000
439.062988281250
439.460937500000
439.860351562500
440.258789062500
440.659179687500
441.056152343750
441.454101562500
441.846679687500
442.246582031250
442.639160156250
443.031738281250
443.427246093750
443.821777343750
444.210449218750
444.606445312500
444.999023437500
445.392578125000
445.782714843750
446.176269531250
446.569335937500
446.961914062500
447.352050781250
447.742187500000
448.132812500000
448.517578125000
448.909667968750
449.298828125000
449.687500000000
450.078613281250
450.469238281250
450.860839843750
451.250488281250
451.638671875000
452.028808593750
452.415527343750
452.803710937500
453.195800781250
453.585937500000
453.974121093750
454.362304687500
454.754394531250
455.142089843750
455.531738281250
455.921386718750
456.311035156250
456.701660156250
457.089843750000
457.477539062500
457.866210937500
458.252441406250
458.641113281250
459.024414062500
459.408203125000
459.791503906250
460.181640625000
460.564941406250
460.949218750000
461.334472656250
461.718750000000
462.101562500000
462.484863281250
462.867187500000
463.250000000000
463.632812500000
464.015625000000
464.394042968750
464.775878906250
465.155273437500
465.537597656250
465.915039062500
466.297363281250
466.678710937500
467.057617187500
467.439453125000
467.819335937500
468.197265625000
468.579589843750
468.958496093750
469.335937500000
469.714843750000
470.092773437500
470.469238281250
470.844238281250
471.226074218750
471.604003906250
471.983398437500
472.361328125000
472.740722656250
473.120117187500
473.495605468750
473.875000000000
474.251953125000
474.631347656250
475.009765625000
475.389648437500
475.765625000000
476.142578125000
476.523437500000
476.900878906250
477.281250000000
477.659179687500
478.031250000000
478.407226562500
478.783203125000
479.157714843750
479.532226562500
479.907714843750
480.284667968750
480.663085937500
481.034667968750
481.412597656250
481.789062500000
482.162597656250
482.533691406250
482.913085937500
483.291015625000
483.666503906250
484.041992187500
484.419921875000
484.795898437500
485.170410156250
485.545898437500
485.919433593750
486.298339843750
486.668457031250
487.045410156250
487.421386718750
487.797851562500
488.173828125000
488.549316406250
488.922363281250
489.296386718750
489.671875000000
490.045898437500
490.421386718750
490.792480468750
491.167968750000
491.538574218750
491.911132812500
492.281738281250
492.653320312500
493.030273437500
493.404785156250
493.775390625000
494.148437500000
494.520996093750
494.893554687500
495.265136718750
495.640136718750
496.010253906250
496.381835937500
496.752929687500
497.126464843750
497.498535156250
497.872558593750
498.244140625000
498.617187500000
498.990234375000
499.361328125000
499.737304687500
500.110839843750
500.484863281250
500.857910156250
501.229003906250
501.602539062500
501.975585937500
502.350585937500
502.716796875000
503.087890625000
503.461914062500
503.843261718750
504.213378906250
504.588378906250
504.962402343750
505.338378906250
505.716796875000
506.090332031250
506.463867187500
506.837402343750
507.217773437500
507.587890625000
507.964355468750
508.336914062500
508.711914062500
509.085937500000
509.460449218750
509.829589843750
510.201660156250
510.572753906250
510.945312500000
511.316406250000
511.687011718750
512.059082031250
512.429687500000
512.799804687500
513.169921875000
513.541015625000
513.913574218750
514.282714843750
514.649414062500
515.022460937500
515.392578125000
515.763183593750
516.129394531250
516.502441406250
516.874023437500
517.243652343750
517.616699218750
517.984863281250
518.352539062500
518.721679687500
519.092285156250
519.459472656250
519.832031250000
520.200683593750
520.570312500000
520.937011718750
521.306152343750
521.679199218750
522.047851562500
522.416503906250
522.786621093750
523.152343750000
523.522460937500
523.893554687500
524.261718750000
524.630859375000
524.999511718750
525.372070312500
525.737304687500
526.108886718750
526.483886718750
526.854003906250
527.226074218750
527.601074218750
527.973144531250
528.344726562500
528.718750000000
529.086425781250
529.456054687500
529.827148437500
530.196777343750
530.564453125000
530.937500000000
531.305664062500
531.678222656250
532.046386718750
532.422363281250
532.794433593750
533.166015625000
533.533691406250
533.906738281250
534.275878906250
534.645996093750
535.016601562500
535.384277343750
535.757812500000
536.125488281250
536.497558593750
536.863281250000
537.236328125000
537.609375000000
537.977539062500
538.346191406250
538.718261718750
539.086425781250
539.459960937500
539.826660156250
540.196777343750
540.565917968750
540.936035156250
541.302246093750
541.666992187500
542.038574218750
542.405273437500
542.773925781250
543.141113281250
543.507324218750
543.872558593750
544.239746093750
544.604492187500
544.971679687500
545.339355468750
545.707031250000
546.073242187500
546.437988281250
546.804199218750
547.168457031250
547.534179687500
547.899902343750
548.266113281250
548.630859375000
548.995605468750
549.358886718750
549.722656250000
550.086914062500
550.450195312500
550.815429687500
551.175781250000
551.538574218750
551.898925781250
552.260742187500
552.622558593750
552.984863281250
553.346191406250
553.709960937500
554.071289062500
554.431152343750
554.793457031250
555.151367187500
555.510742187500
555.868652343750
556.229492187500
556.588867187500
556.951171875000
557.310546875000
557.674804687500
558.034179687500
558.392089843750
558.750976562500
559.113281250000
559.473632812500
559.832519531250
560.191894531250
560.553222656250
560.911132812500
561.269042968750
561.629882812500
561.989746093750
562.351562500000
562.709960937500
563.072265625000
563.431640625000
563.788085937500
564.148925781250
564.506347656250
564.866699218750
565.225585937500
565.578125000000
565.940429687500
566.302734375000
566.664062500000
567.024902343750
567.383300781250
567.744628906250
568.109863281250
568.470214843750
568.830566406250
569.193847656250
569.553710937500
569.919433593750
570.281738281250
570.647460937500
571.009765625000
571.374511718750
571.735839843750
572.100585937500
572.461914062500
572.822753906250
573.187011718750
573.548828125000
573.913574218750
574.279785156250
574.644042968750
575.008300781250
575.375976562500
575.741210937500
576.110839843750
576.474609375000
576.842285156250
577.207519531250
577.579101562500
577.943847656250
578.310058593750
578.677246093750
579.047851562500
579.409667968750
579.779785156250
580.145996093750
580.513671875000
580.875976562500
581.241210937500
581.604003906250
581.966796875000
582.331054687500
582.694335937500
583.054199218750
583.415039062500
583.774902343750
584.139160156250
584.499023437500
584.859863281250
585.220703125000
585.580078125000
585.945312500000
586.305175781250
586.666992187500
587.025878906250
587.384765625000
587.743652343750
588.101562500000
588.461425781250
588.819335937500
589.178710937500
589.538574218750
589.897460937500
590.257324218750
590.613281250000
590.971191406250
591.327636718750
591.686035156250
592.041015625000
592.397460937500
592.750488281250
593.107910156250
593.458984375000
593.812500000000
594.162597656250
594.514648437500
594.866210937500
595.217773437500
595.571777343750
595.923828125000
596.276855468750
596.631835937500
596.988281250000
597.338867187500
597.695800781250
598.048828125000
598.405761718750
598.760253906250
599.119140625000
599.473632812500
599.827148437500
600.180175781250
600.536132812500
600.890625000000
601.243652343750
601.601074218750
601.955566406250
602.307617187500
602.664062500000
603.018554687500
603.373535156250
603.729492187500
604.084472656250
604.443847656250
604.798828125000
605.156250000000
605.508789062500
605.866210937500
606.219726562500
606.577636718750
606.930664062500
607.288085937500
607.642578125000
607.993652343750
608.345703125000
608.704589843750
609.055175781250
609.408203125000
609.766113281250
610.122070312500
610.475097656250
610.827148437500
611.179687500000
611.532714843750
611.891601562500
612.244140625000
612.603515625000
612.954101562500
613.308593750000
613.658691406250
614.013183593750
614.366699218750
614.718261718750
615.064453125000
615.416503906250
615.766113281250
616.115234375000
616.467285156250
616.817871093750
617.171875000000
617.521972656250
617.873046875000
618.220214843750
618.570312500000
618.919921875000
619.272460937500
619.623535156250
619.973632812500
620.322753906250
620.671875000000
621.017578125000
621.368164062500
621.717773437500
622.064941406250
622.413085937500
622.761230468750
623.110351562500
623.454101562500
623.799316406250
624.149414062500
624.500488281250
624.849121093750
625.195800781250
625.546875000000
625.902832031250
626.249511718750
626.600585937500
626.946777343750
627.297851562500
627.643554687500
627.993652343750
628.341308593750
628.688964843750
629.038574218750
629.386230468750
629.734863281250
630.080078125000
630.429199218750
630.774902343750
631.127929687500
631.476562500000
631.827148437500
632.177246093750
632.525878906250
632.875000000000
633.225097656250
633.570800781250
633.916503906250
634.262695312500
634.611328125000
634.959960937500
635.303710937500
635.653808593750
636.001953125000
636.352050781250
636.696289062500
637.048339843750
637.390625000000
637.740722656250
638.087402343750
638.438476562500
638.788085937500
639.134765625000
639.479003906250
639.826660156250
640.171386718750
640.517089843750
640.863281250000
641.207519531250
641.556152343750
641.904785156250
642.251953125000
642.599609375000
642.949707031250
643.291992187500
643.643066406250
643.991699218750
644.338378906250
644.687011718750
645.031738281250
645.377441406250
645.726074218750
646.070312500000
646.413085937500
646.761718750000
647.104492187500
647.453613281250
647.797363281250
648.142578125000
648.485839843750
648.835449218750
649.178710937500
649.525390625000
649.872070312500
650.218261718750
650.562011718750
650.908691406250
651.250976562500
651.594726562500
651.935058593750
652.283203125000
652.625000000000
652.967285156250
653.311035156250
653.656250000000
654
654.343750000000
654.687500000000
655.031250000000
655.377441406250
655.718750000000
656.064453125000
656.406250000000
656.751953125000
657.095703125000
657.437011718750
657.781738281250
658.124511718750
658.463378906250
658.806152343750
659.146972656250
659.491210937500
659.835937500000
660.174316406250
660.520996093750
660.860839843750
661.205078125000
661.547851562500
661.889648437500
662.229003906250
662.572753906250
662.913574218750
663.256835937500
663.598144531250
663.937011718750
664.280273437500
664.624023437500
664.967773437500
665.304687500000
665.649902343750
665.990722656250
666.337402343750
666.680175781250
667.028320312500
667.368164062500
667.710937500000
668.051269531250
668.392089843750
668.742675781250
669.079101562500
669.425781250000
669.768066406250
670.115722656250
670.460449218750
670.803222656250
671.146972656250
671.487792968750
671.830566406250
672.173339843750
672.519042968750
672.865234375000
673.210937500000
673.550781250000
673.898437500000
674.242187500000
674.586914062500
674.931640625000