0.402343750000000
1.06835937500000
1.72021484375000
2.35742187500000
2.98193359375000
3.59277343750000
4.18701171875000
4.78125000000000
5.40429687500000
6.01171875000000
6.62158203125000
7.22460937500000
7.82031250000000
8.39941406250000
8.95214843750000
9.51220703125000
10.0732421875000
10.6396484375000
11.2021484375000
11.7626953125000
12.3081054687500
12.8544921875000
13.3940429687500
13.9384765625000
14.4873046875000
15.0434570312500
15.6005859375000
16.1552734375000
16.7031250000000
17.2421875000000
17.7695312500000
18.2910156250000
18.8129882812500
19.3354492187500
19.8593750000000
20.3901367187500
20.9218750000000
21.4560546875000
21.9902343750000
22.5234375000000
23.0537109375000
23.5825195312500
24.1118164062500
24.6499023437500
25.1938476562500
25.7343750000000
26.2607421875000
26.7846679687500
27.3188476562500
27.8525390625000
28.3745117187500
28.9038085937500
29.4516601562500
30.0087890625000
30.5639648437500
31.1176757812500
31.6625976562500
32.2055664062500
32.7460937500000
33.2871093750000
33.8203125000000
34.3461914062500
34.8676757812500
35.3925781250000
35.9228515625000
36.4619140625000
37.0039062500000
37.5561523437500
38.1010742187500
38.6435546875000
39.1899414062500
39.7436523437500
40.3017578125000
40.8681640625000
41.4326171875000
41.9794921875000
42.5239257812500
43.0751953125000
43.6269531250000
44.1801757812500
44.7202148437500
45.2749023437500
45.8349609375000
46.4038085937500
46.9692382812500
47.5327148437500
48.0903320312500
48.6474609375000
49.2045898437500
49.7719726562500
50.3432617187500
50.9306640625000
51.5107421875000
52.0913085937500
52.6557617187500
53.2036132812500
53.7670898437500
54.3388671875000
54.9003906250000
55.4526367187500
55.9912109375000
56.5288085937500
57.0581054687500
57.5864257812500
58.1186523437500
58.6606445312500
59.2163085937500
59.7768554687500
60.3354492187500
60.8789062500000
61.4072265625000
61.9326171875000
62.4550781250000
62.9799804687500
63.5170898437500
64.0673828125000
64.6318359375000
65.2080078125000
65.7792968750000
66.3496093750000
66.9150390625000
67.4780273437500
68.0434570312500
68.6166992187500
69.2036132812500
69.7963867187500
70.4194335937500
71.0268554687500
71.6455078125000
72.2548828125000
72.8579101562500
73.4658203125000
74.0673828125000
74.6542968750000
75.2333984375000
75.7958984375000
76.3540039062500
76.9135742187500
77.4804687500000
78.0546875000000
78.6254882812500
79.1904296875000
79.7500000000000
80.3139648437500
80.8920898437500
81.4868164062500
82.0864257812500
82.6889648437500
83.3027343750000
83.8940429687500
84.4707031250000
85.0473632812500
85.6279296875000
86.2045898437500
86.7656250000000
87.3286132812500
87.9052734375000
88.4780273437500
89.0458984375000
89.6113281250000
90.1787109375000
90.7490234375000
91.3266601562500
91.9238281250000
92.5068359375000
93.1030273437500
93.6948242187500
94.2988281250000
94.8974609375000
95.4770507812500
96.0395507812500
96.5913085937500
97.1435546875000
97.6918945312500
98.2329101562500
98.7641601562500
99.3046875000000
99.8569335937500
100.416015625000
100.979980468750
101.538085937500
102.072753906250
102.595703125000
103.111328125000
103.624023437500
104.135742187500
104.658691406250
105.194824218750
105.746582031250
106.305175781250
106.875000000000
107.430664062500
107.979003906250
108.523437500000
109.061035156250
109.603027343750
110.148925781250
110.700195312500
111.251953125000
111.808593750000
112.358398437500
112.903808593750
113.435546875000
113.967773437500
114.503417968750
115.049804687500
115.594726562500
116.137207031250
116.664550781250
117.182617187500
117.689941406250
118.196777343750
118.711425781250
119.229492187500
119.751953125000
120.279785156250
120.790527343750
121.301757812500
121.812988281250
122.334960937500
122.860839843750
123.396484375000
123.940429687500
124.492675781250
125.040039062500
125.584960937500
126.118164062500
126.647460937500
127.174804687500
127.700195312500
128.232910156250
128.765136718750
129.297363281250
129.836425781250
130.364746093750
130.896484375000
131.429687500000
131.962890625000
132.497070312500
133.027832031250
133.556640625000
134.083007812500
134.602050781250
135.116210937500
135.627929687500
136.142089843750
136.650878906250
137.151367187500
137.655761718750
138.161132812500
138.675781250000
139.200683593750
139.731445312500
140.261230468750
140.783203125000
141.305175781250
141.820800781250
142.334960937500
142.852050781250
143.373046875000
143.897949218750
144.423828125000
144.938964843750
145.445312500000
145.948730468750
146.451660156250
146.950195312500
147.451171875000
147.958496093750
148.474121093750
149.007812500000
149.554687500000
150.108886718750
150.658691406250
151.186035156250
151.702636718750
152.205566406250
152.716308593750
153.238281250000
153.769531250000
154.300781250000
154.832519531250
155.351074218750
155.859863281250
156.363769531250
156.872558593750
157.379394531250
157.884765625000
158.395019531250
158.906250000000
159.419433593750
159.926269531250
160.428710937500
160.928222656250
161.427246093750
161.922363281250
162.423828125000
162.929199218750
163.436523437500
163.944824218750
164.456542968750
164.968261718750
165.470214843750
165.968750000000
166.470214843750
166.973144531250
167.476562500000
167.984863281250
168.500000000000
169.019531250000
169.550292968750
170.072265625000
170.587890625000
171.097656250000
171.604003906250
172.106445312500
172.617675781250
173.128417968750
173.646484375000
174.163574218750
174.682128906250
175.191894531250
175.695800781250
176.208984375000
176.730957031250
177.251953125000
177.768066406250
178.272949218750
178.769042968750
179.259277343750
179.745117187500
180.233886718750
180.721679687500
181.211914062500
181.710449218750
182.204101562500
182.699218750000
183.189941406250
183.683105468750
184.175292968750
184.672363281250
185.167480468750
185.665039062500
186.156738281250
186.643554687500
187.123535156250
187.602050781250
188.082031250000
188.563476562500
189.045410156250
189.537597656250
190.031250000000
190.529296875000
191.026855468750
191.521972656250
192.015136718750
192.511230468750
193.006835937500
193.506835937500
194.003906250000
194.499511718750
194.986328125000
195.465820312500
195.940917968750
196.416992187500
196.887695312500
197.358398437500
197.828613281250
198.303710937500
198.782226562500
199.263671875000
199.740234375000
200.210937500000
200.675781250000
201.139648437500
201.605468750000
202.072753906250
202.543457031250
203.015136718750
203.498535156250
203.984863281250
204.482910156250
204.983886718750
205.488281250000
205.991210937500
206.487304687500
206.984863281250
207.483886718750
207.980468750000
208.483886718750
208.988281250000
209.493164062500
209.999511718750
210.499511718750
211.012207031250
211.520996093750
212.030761718750
212.538085937500
213.038085937500
213.533203125000
214.029296875000
214.522949218750
215.018554687500
215.512695312500
216
216.484863281250
216.969726562500
217.455566406250
217.938964843750
218.427246093750
218.920410156250
219.411132812500
219.909667968750
220.408203125000
220.898437500000
221.387207031250
221.864257812500
222.338867187500
222.820800781250
223.311523437500
223.804687500000
224.311035156250
224.804687500000
225.292968750000
225.770019531250
226.245117187500
226.718750000000
227.189453125000
227.662109375000
228.138183593750
228.620605468750
229.104003906250
229.588867187500
230.070312500000
230.546386718750
231.021972656250
231.493652343750
231.968750000000
232.446777343750
232.923828125000
233.403808593750
233.880859375000
234.353515625000
234.825195312500
235.294921875000
235.765136718750
236.238769531250
236.711914062500
237.186035156250
237.657226562500
238.129882812500
238.604003906250
239.073730468750
239.541992187500
240.008300781250
240.476562500000
240.946777343750
241.419921875000
241.891601562500
242.367187500000
242.845214843750
243.331054687500
243.823242187500
244.315917968750
244.800292968750
245.282226562500
245.764648437500
246.246093750000
246.734863281250
247.227050781250
247.720214843750
248.207031250000
248.687011718750
249.156250000000
249.626464843750
250.096191406250
250.565429687500
251.038574218750
251.507324218750
251.972656250000
252.433593750000
252.892089843750
253.347656250000
253.803710937500
254.260253906250
254.720703125000
255.184570312500
255.648437500000
256.116210937500
256.583984375000
257.048828125000
257.510253906250
257.969238281250
258.429199218750
258.890625000000
259.352539062500
259.812011718750
260.272949218750
260.734375000000
261.194335937500
261.652343750000
262.110839843750
262.565429687500
263.018554687500
263.469238281250
263.924804687500
264.382324218750
264.842773437500
265.304687500000
265.772949218750
266.237304687500
266.702148437500
267.160644531250
267.627441406250
268.092773437500
268.558105468750
269.019531250000
269.477539062500
269.931152343750
270.386718750000
270.838867187500
271.291992187500
271.741699218750
272.193847656250
272.644531250000
273.095703125000
273.545410156250
273.992675781250
274.435546875000
274.883300781250
275.328125000000
275.775878906250
276.222656250000
276.673339843750
277.124511718750
277.572265625000
278.023437500000
278.476074218750
278.931152343750
279.385253906250
279.835449218750
280.285644531250
280.732910156250
281.180664062500
281.632324218750
282.079589843750
282.530273437500
282.980957031250
283.431152343750
283.883789062500
284.338867187500
284.792480468750
285.249023437500
285.703613281250
286.163574218750
286.616699218750
287.066406250000
287.517089843750
287.962890625000
288.405761718750
288.849609375000
289.299804687500
289.748046875000
290.192871093750
290.636718750000
291.076660156250
291.514160156250
291.947753906250
292.381835937500
292.816406250000
293.247070312500
293.681640625000
294.115234375000
294.548339843750
294.978515625000
295.407714843750
295.832031250000
296.258789062500
296.683105468750
297.111328125000
297.541015625000
297.973632812500
298.406738281250
298.843261718750
299.280273437500
299.714355468750
300.150390625000
300.586914062500
301.026367187500
301.468750000000
301.908691406250
302.347167968750
302.785156250000
303.225097656250
303.664062500000
304.101562500000
304.539550781250
304.975585937500
305.410156250000
305.843261718750
306.273437500000
306.706542968750
307.141113281250
307.576660156250
308.015625000000
308.456542968750
308.897460937500
309.342773437500
309.783203125000
310.227539062500
310.666992187500
311.104492187500
311.540527343750
311.977539062500
312.409667968750
312.844726562500
313.278320312500
313.711425781250
314.141601562500
314.575683593750
315.005859375000
315.440917968750
315.875976562500
316.314453125000
316.749511718750
317.187988281250
317.625976562500
318.064453125000
318.502929687500
318.941894531250
319.381347656250
319.819824218750
320.258300781250
320.694824218750
321.128906250000
321.562500000000
321.993652343750
322.424316406250
322.854492187500
323.283203125000
323.710937500000
324.135742187500
324.557617187500
324.979980468750
325.399414062500
325.817871093750
326.233886718750
326.646972656250
327.062988281250
327.483398437500
327.898925781250
328.317871093750
328.731933593750
329.146484375000
329.556640625000
329.969726562500
330.382324218750
330.797363281250
331.211914062500
331.627929687500
332.046875000000
332.464355468750
332.883300781250
333.302734375000
333.722656250000
334.141601562500
334.560546875000
334.977539062500
335.391113281250
335.806152343750
336.218750000000
336.631835937500
337.045410156250
337.457031250000
337.868164062500
338.282226562500
338.694335937500
339.106933593750
339.517578125000
339.930664062500
340.342773437500
340.754882812500
341.166015625000
341.580566406250
341.995605468750
342.413085937500
342.829589843750
343.249023437500
343.667480468750
344.085449218750
344.502441406250
344.917480468750
345.333007812500
345.745117187500
346.155273437500
346.563964843750
346.975097656250
347.384277343750
347.795898437500
348.210449218750
348.624023437500
349.041992187500
349.456542968750
349.874511718750
350.287597656250
350.702148437500
351.112792968750
351.524902343750
351.935546875000
352.346679687500
352.755859375000
353.164550781250
353.577148437500
353.986816406250
354.397460937500
354.807128906250
355.216796875000
355.625000000000
356.031738281250
356.439453125000
356.849121093750
357.257812500000
357.666015625000
358.076171875000
358.484863281250
358.892578125000
359.297363281250
359.704589843750
360.111328125000
360.519531250000
360.927734375000
361.334472656250
361.741210937500
362.148925781250
362.555664062500
362.963867187500
363.375000000000
363.782714843750
364.188476562500
364.597656250000
365.007812500000
365.417968750000
365.832519531250
366.246582031250
366.657226562500
367.067871093750
367.482421875000
367.898437500000
368.314453125000
368.734375000000
369.154785156250
369.573730468750
369.991699218750
370.412597656250
370.830566406250
371.250000000000
371.669921875000
372.084960937500
372.500488281250
372.916992187500
373.333984375000
373.748535156250
374.164062500000
374.577148437500
374.987792968750
375.394531250000
375.802734375000
376.210449218750
376.616699218750
377.022949218750
377.424804687500
377.827636718750
378.229003906250
378.634765625000
379.038085937500
379.443359375000
379.845214843750
380.245117187500
380.645019531250
381.041992187500
381.438964843750
381.833496093750
382.223144531250
382.617187500000
383.011718750000
383.410156250000
383.807617187500
384.206542968750
384.604003906250
385.002441406250
385.399902343750
385.796386718750
386.192871093750
386.587402343750
386.979492187500
387.374511718750
387.766113281250
388.158691406250
388.550292968750
388.943359375000
389.330566406250
389.718261718750
390.106933593750
390.498046875000
390.890136718750
391.283203125000
391.674316406250
392.064941406250
392.459960937500
392.855468750000
393.251464843750
393.646484375000
394.041503906250
394.437011718750
394.831542968750
395.225585937500
395.621582031250
396.021972656250
396.422363281250
396.824218750000
397.222167968750
397.625488281250
398.027832031250
398.428710937500
398.829101562500
399.231445312500
399.632324218750
400.031250000000
400.429199218750
400.827148437500
401.222167968750
401.618164062500
402.016113281250
402.413574218750
402.812011718750
403.209472656250
403.607910156250
404.004394531250
404.401855468750
404.797363281250
405.191894531250
405.586914062500
405.982910156250
406.375488281250
406.769042968750
407.167480468750
407.564941406250
407.962890625000
408.358398437500
408.753906250000
409.149414062500
409.546386718750
409.939453125000
410.334472656250
410.726562500000
411.118164062500
411.508789062500
411.899414062500
412.290039062500
412.678710937500
413.066894531250
413.455078125000
413.842773437500
414.229003906250
414.615722656250
415.001953125000
415.384765625000
415.769531250000
416.152343750000
416.539062500000
416.923339843750
417.311035156250
417.694824218750
418.079589843750
418.461425781250
418.844238281250
419.225585937500
419.604492187500
419.985351562500
420.366210937500
420.749023437500
421.131347656250
421.515625000000
421.895996093750
422.280273437500
422.662597656250
423.044433593750
423.426269531250
423.805664062500
424.187500000000
424.570800781250
424.954589843750
425.336914062500
425.721191406250
426.103515625000
426.488281250000
426.870605468750
427.252441406250
427.634277343750
428.016601562500
428.400390625000
428.784667968750
429.166992187500
429.549316406250
429.932128906250
430.314453125000
430.696289062500
431.078125000000
431.458984375000
431.843261718750
432.225097656250
432.608398437500
432.986816406250
433.370117187500
433.744628906250
434.131347656250
434.504882812500
434.882324218750
435.258300781250
435.636230468750
436.011718750000
436.390136718750
436.765625000000
437.141113281250
437.511718750000
437.882324218750
438.250488281250
438.623535156250
438.992675781250
439.363769531250
439.730957031250
440.098632812500
440.461914062500
440.826660156250
441.191406250000
441.561523437500
441.928710937500
442.295898437500
442.657714843750
443.018554687500
443.383789062500
443.751953125000
444.121093750000
444.488769531250
444.857910156250
445.226562500000
445.592773437500
445.958007812500
446.322753906250
446.682617187500
447.046875000000
447.409667968750
447.769531250000
448.130859375000
448.489746093750
448.847167968750
449.206054687500
449.564453125000
449.926269531250
450.288574218750
450.648437500000
451.010253906250
451.367187500000
451.728027343750
452.087890625000
452.448730468750
452.805664062500
453.165527343750
453.519042968750
453.875976562500
454.232910156250
454.590332031250
454.947753906250
455.299804687500
455.664550781250
456.016113281250
456.376464843750
456.736328125000
457.096679687500
457.455566406250
457.812988281250
458.173339843750
458.533203125000
458.893066406250
459.251464843750
459.610839843750
459.968261718750
460.322265625000
460.677734375000
461.035156250000
461.395019531250
461.754882812500
462.112304687500
462.471679687500
462.827148437500
463.186523437500
463.541992187500
463.902343750000
464.258789062500
464.616699218750
464.973144531250
465.322753906250
465.676269531250
466.033203125000
466.390136718750
466.747070312500
467.102539062500
467.456054687500
467.812500000000
468.166503906250
468.519042968750
468.871093750000
469.226074218750
469.570312500000
469.920898437500
470.272460937500
470.625000000000
470.978515625000
471.330566406250
471.685058593750
472.032226562500
472.383789062500
472.734375000000
473.085937500000
473.437500000000
473.787109375000
474.135253906250
474.481445312500
474.829101562500
475.181152343750
475.532714843750
475.884277343750
476.235351562500
476.583984375000
476.932617187500
477.284179687500
477.631835937500
477.979492187500
478.325683593750
478.670898437500
479.019042968750
479.367187500000
479.713867187500
480.062988281250
480.406738281250
480.756347656250
481.101562500000
481.447753906250
481.796386718750
482.133789062500
482.469238281250
482.812011718750
483.155761718750
483.500976562500
483.846679687500
484.190917968750
484.533203125000
484.876464843750
485.218750000000
485.556640625000
485.894042968750
486.235351562500
486.578613281250
486.922363281250
487.263671875000
487.605468750000
487.942382812500
488.283691406250
488.622558593750
488.962890625000
489.303710937500
489.645019531250
489.990234375000
490.322753906250
490.665527343750
491.007812500000
491.349121093750
491.691406250000
492.026367187500
492.361328125000
492.700195312500
493.041503906250
493.382812500000
493.724609375000
494.063964843750
494.400390625000
494.739746093750
495.077148437500
495.416992187500
495.757324218750
496.095703125000
496.434570312500
496.777832031250
497.119140625000
497.459472656250
497.797363281250
498.133300781250
498.469238281250
498.804687500000
499.143554687500
499.481933593750
499.821777343750
500.153808593750
500.492187500000
500.828613281250
501.166992187500
501.506835937500
501.841796875000
502.171386718750
502.505371093750
502.843750000000
503.180175781250
503.517089843750
503.853027343750
504.185546875000
504.515625000000
504.849121093750
505.182617187500
505.522460937500
505.859375000000
506.197753906250
506.537597656250
506.874511718750
507.211914062500
507.545898437500
507.877929687500
508.213378906250
508.551757812500
508.890136718750
509.227050781250
509.562988281250
509.898925781250
510.235839843750
510.572753906250
510.910156250000
511.244140625000
511.572753906250
511.909667968750
512.247070312500
512.585937500000
512.922363281250
513.259277343750
513.593261718750
513.928222656250
514.262207031250
514.597656250000
514.930664062500
515.262695312500
515.600585937500
515.935546875000
516.270019531250
516.601562500000
516.933105468750
517.258789062500
517.591308593750
517.924804687500
518.258789062500
518.596191406250
518.926757812500
519.256835937500
519.589843750000
519.921875000000
520.255371093750
520.591796875000
520.926757812500
521.260742187500
521.595214843750
521.929687500000
522.266601562500
522.602539062500
522.938476562500
523.271972656250
523.600097656250
523.933593750000
524.269531250000
524.608398437500
524.944335937500
525.280273437500
525.615234375000
525.951171875000
526.281738281250
526.612304687500
526.946289062500
527.283203125000
527.624511718750
527.954101562500
528.285156250000
528.619628906250
528.952636718750
529.286621093750
529.619140625000
529.951171875000
530.280761718750
530.616699218750
530.951660156250
531.284667968750
531.618164062500
531.951660156250
532.279785156250
532.610351562500
532.944824218750
533.277343750000
533.611816406250
533.939941406250
534.270019531250
534.603515625000
534.933105468750
535.265136718750
535.592773437500
535.919433593750
536.250976562500
536.584472656250
536.915039062500
537.244140625000
537.569335937500
537.894531250000
538.222656250000
538.551269531250
538.882812500000
539.208496093750
539.538085937500
539.866210937500
540.193847656250
540.519042968750
540.842773437500
541.166503906250
541.494140625000
541.822753906250
542.145996093750
542.470214843750
542.792480468750
543.118652343750
543.443847656250
543.767089843750
544.090820312500
544.414062500000
544.740722656250
545.065917968750
545.392089843750
545.718261718750
546.040527343750
546.361328125000
546.687500000000
547.016113281250
547.342285156250
547.666503906250
547.986816406250
548.308105468750
548.629394531250
548.954101562500
549.282714843750
549.609863281250
549.936523437500
550.257324218750
550.579589843750
550.903808593750
551.230957031250
551.559570312500
551.882812500000
552.207519531250
552.531738281250
552.859375000000
553.185546875000
553.504882812500
553.825683593750
554.151367187500
554.479492187500
554.804687500000
555.127441406250
555.449707031250
555.768554687500
556.092773437500
556.418945312500
556.745605468750
557.067382812500
557.391113281250
557.713378906250
558.037597656250
558.360839843750
558.682617187500
559.004882812500
559.328613281250
559.654296875000
559.979492187500
560.300781250000
560.626464843750
560.939941406250
561.263671875000
561.587402343750
561.914062500000
562.233398437500
562.552734375000
562.871093750000
563.193359375000
563.516601562500
563.840820312500
564.169921875000
564.484375000000
564.805664062500
565.130371093750
565.451660156250
565.775390625000
566.091796875000
566.415527343750
566.741210937500
567.063964843750
567.386718750000
567.709472656250
568.023925781250
568.345703125000
568.670898437500
568.996093750000
569.319824218750
569.641601562500
569.966308593750
570.288085937500
570.604980468750
570.922851562500
571.246093750000
571.572753906250
571.896972656250
572.220703125000
572.541015625000
572.856445312500
573.175781250000
573.501464843750
573.829101562500
574.149902343750
574.470703125000
574.790039062500
575.109863281250
575.431640625000
575.756835937500
576.086425781250
576.398437500000
576.720214843750
577.043945312500
577.366699218750
577.688476562500
578.004882812500
578.328125000000
578.653320312500
578.975097656250
579.296386718750
579.614257812500
579.930175781250
580.251464843750
580.575195312500
580.896484375000
581.213867187500
581.530761718750
581.845214843750
582.162597656250
582.484375000000
582.807128906250
583.126953125000
583.443847656250
583.760742187500
584.077636718750
584.397949218750
584.718750000000
585.045410156250
585.354980468750
585.674804687500
585.994628906250
586.313964843750
586.633300781250
586.946777343750
587.267089843750
587.591796875000
587.911621093750
588.229003906250
588.547851562500
588.861328125000
589.181640625000
589.503906250000
589.823242187500
590.142089843750
590.459960937500
590.773437500000
591.091796875000
591.412597656250
591.730468750000
592.045898437500
592.360839843750
592.679687500000
592.995117187500
593.314453125000
593.634277343750
593.954589843750
594.270996093750
594.588378906250
594.905761718750
595.222167968750
595.541992187500
595.860839843750
596.179687500000
596.496093750000
596.814453125000
597.134765625000
597.454589843750
597.768554687500
598.083496093750
598.406250000000
598.726074218750
599.045410156250
599.361816406250
599.675292968750
599.989746093750
600.309570312500
600.632324218750
600.947265625000
601.263183593750
601.584472656250
601.897460937500
602.216308593750
602.531250000000
602.852539062500
603.165527343750
603.484375000000
603.801757812500
604.118164062500
604.431152343750
604.744628906250
605.062500000000
605.381835937500
605.702148437500
606.017578125000
606.334960937500
606.650390625000
606.966308593750
607.284667968750
607.601562500000
607.920410156250
608.233886718750
608.553710937500
608.869628906250
609.187011718750
609.506835937500
609.822265625000
610.140625000000
610.458984375000
610.778808593750
611.098632812500
611.412597656250
611.728027343750
612.049316406250
612.369140625000
612.687988281250
613.002929687500
613.315917968750
613.632324218750
613.950195312500
614.268066406250
614.585937500000
614.900878906250
615.215820312500
615.529785156250
615.844726562500
616.164550781250
616.479980468750
616.795898437500
617.107910156250
617.422851562500
617.737792968750
618.054199218750
618.373046875000
618.686523437500
619.001953125000
619.317871093750
619.631835937500
619.944824218750
620.260742187500
620.584472656250
620.889160156250
621.206054687500
621.522949218750
621.841796875000
622.153320312500
622.460937500000
622.783203125000
623.093750000000
623.408691406250
623.722656250000
624.036621093750
624.342773437500
624.657714843750
624.977050781250
625.290039062500
625.604492187500
625.916015625000
626.229003906250
626.541503906250
626.855957031250
627.175781250000
627.482421875000
627.794921875000
628.109375000000
628.423339843750
628.729003906250
629.042480468750
629.359863281250
629.673828125000
629.985351562500
630.301757812500
630.602539062500
630.912109375000
631.227050781250
631.544433593750
631.854980468750
632.166503906250
632.477539062500
632.787109375000
633.103027343750
633.414550781250
633.728027343750
634.040527343750
634.352539062500
634.665527343750
634.976562500000
635.288574218750
635.603027343750
635.916992187500
636.230957031250
636.541503906250
636.851562500000
637.161621093750
637.476074218750
637.787597656250
638.100097656250
638.414062500000
638.726074218750
639.039550781250
639.350097656250
639.671875000000
639.971191406250
640.286621093750
640.599121093750
640.913574218750
641.216796875000
641.527832031250
641.844726562500
642.157226562500
642.476074218750
642.780273437500
643.090820312500
643.401367187500
643.714355468750
644.031738281250
644.334960937500
644.648437500000
644.961425781250
645.274414062500
645.590820312500
645.897949218750
646.210937500000
646.519531250000
646.829101562500
647.143066406250
647.452636718750
647.758789062500
648.070800781250
648.386230468750
648.699218750000
649.009277343750
649.314941406250
649.625000000000
649.935546875000
650.248046875000
650.563476562500
650.869628906250
651.180175781250
651.491699218750
651.801269531250
652.107910156250
652.419433593750
652.733398437500
653.043457031250
653.351074218750
653.656250000000
653.965820312500
654.276855468750
654.587402343750
654.898437500000
655.206054687500
655.511230468750
655.820800781250
656.130371093750
656.444824218750
656.750000000000
657.058593750000
657.368164062500
657.674316406250
657.978027343750
658.289062500000
658.601562500000
658.850097656250
659.204101562500
659.517089843750
659.822265625000
660.135742187500
660.442382812500
660.753417968750
661.063476562500
661.363769531250
661.669921875000
661.979980468750
662.292968750000
662.601562500000
662.907226562500
663.218750000000
663.523437500000
663.835449218750
664.141113281250
664.450683593750
664.761718750000
665.072753906250
665.387207031250
665.685546875000
665.993164062500
666.305175781250
666.618164062500
666.927734375000
667.235351562500
667.540527343750
667.848632812500
668.160156250000
668.467773437500
668.775390625000
669.085449218750
669.394042968750
669.704101562500
670.008789062500
670.312988281250
670.626464843750
670.936035156250
671.243164062500
671.548339843750
671.852050781250
672.161132812500
672.474609375000
672.780273437500
673.085449218750
673.396484375000
673.704589843750
674.009765625000
674.314941406250
674.627929687500
674.937988281250
675.247070312500
675.550781250000
675.858398437500
676.159179687500
676.468261718750
676.780273437500
677.088867187500
677.395996093750
677.696777343750
678.002929687500
678.313476562500
678.619628906250
678.928222656250
679.235839843750
679.544433593750
679.850585937500
680.155273437500
680.466308593750