0.396972656250000
1.09521484375000
1.78271484375000
2.41552734375000
3.02197265625000
3.61865234375000
4.20996093750000
4.79931640625000
5.37548828125000
5.93945312500000
6.50634765625000
7.10058593750000
7.67578125000000
8.24023437500000
8.80810546875000
9.39111328125000
9.95703125000000
10.5195312500000
11.0776367187500
11.6250000000000
12.1625976562500
12.6958007812500
13.2280273437500
13.7563476562500
14.2758789062500
14.7939453125000
15.3120117187500
15.8354492187500
16.3588867187500
16.8842773437500
17.4052734375000
17.9150390625000
18.4238281250000
18.9291992187500
19.4306640625000
19.9272460937500
20.4228515625000
20.9174804687500
21.4150390625000
21.9155273437500
22.4165039062500
22.9218750000000
23.4345703125000
23.9501953125000
24.4677734375000
24.9790039062500
25.4892578125000
25.9946289062500
26.4990234375000
26.9985351562500
27.4931640625000
27.9833984375000
28.4677734375000
28.9501953125000
29.4399414062500
29.9492187500000
30.4916992187500
31.0288085937500
31.5483398437500
32.0590820312500
32.5615234375000
33.0581054687500
33.5483398437500
34.0375976562500
34.5244140625000
35.0141601562500
35.4960937500000
35.9819335937500
36.4667968750000
36.9497070312500
37.4311523437500
37.9082031250000
38.3837890625000
38.8540039062500
39.3232421875000
39.7905273437500
40.2568359375000
40.7211914062500
41.1850585937500
41.6474609375000
42.1083984375000
42.5712890625000
43.0483398437500
43.5415039062500
44.0361328125000
44.5322265625000
45.0327148437500
45.5361328125000
46.0356445312500
46.5302734375000
47.0205078125000
47.5014648437500
47.9765625000000
48.4448242187500
48.9091796875000
49.3750000000000
49.8359375000000
50.2968750000000
50.7583007812500
51.2250976562500
51.6938476562500
52.1640625000000
52.6381835937500
53.1093750000000
53.5800781250000
54.0493164062500
54.5161132812500
54.9799804687500
55.4394531250000
55.8999023437500
56.3574218750000
56.8105468750000
57.2602539062500
57.7089843750000
58.1562500000000
58.6025390625000
59.0473632812500
59.4863281250000
59.9238281250000
60.3662109375000
60.8046875000000
61.2441406250000
61.6791992187500
62.1162109375000
62.5566406250000
63
63.4448242187500
63.8881835937500
64.3300781250000
64.7763671875000
65.2216796875000
65.6723632812500
66.1191406250000
66.5654296875000
67.0102539062500
67.4550781250000
67.8989257812500
68.3417968750000
68.7890625000000
69.2412109375000
69.6918945312500
70.1420898437500
70.5952148437500
71.0478515625000
71.4995117187500
71.9511718750000
72.4023437500000
72.8530273437500
73.3032226562500
73.7524414062500
74.2026367187500
74.6552734375000
75.1030273437500
75.5483398437500
75.9921875000000
76.4316406250000
76.8701171875000
77.3081054687500
77.7426757812500
78.1777343750000
78.6113281250000
79.0483398437500
79.4882812500000
79.9291992187500
80.3750000000000
80.8208007812500
81.2695312500000
81.7221679687500
82.1811523437500
82.6469726562500
83.1162109375000
83.5922851562500
84.0712890625000
84.5556640625000
85.0341796875000
85.5053710937500
85.9702148437500
86.4350585937500
86.8979492187500
87.3593750000000
87.8217773437500
88.2836914062500
88.7475585937500
89.2089843750000
89.6679687500000
90.1245117187500
90.5830078125000
91.0410156250000
91.4990234375000
91.9521484375000
92.4038085937500
92.8540039062500
93.3027343750000
93.7485351562500
94.1948242187500
94.6425781250000
95.0883789062500
95.5322265625000
95.9746093750000
96.4101562500000
96.8486328125000
97.2871093750000
97.7236328125000
98.1606445312500
98.5952148437500
99.0278320312500
99.4594726562500
99.8916015625000
100.330566406250
100.775390625000
101.227539062500
101.680664062500
102.139160156250
102.597656250000
103.058105468750
103.517089843750
103.974121093750
104.428710937500
104.882324218750
105.333496093750
105.780761718750
106.226074218750
106.668457031250
107.109375000000
107.547851562500
107.988281250000
108.430175781250
108.869628906250
109.311035156250
109.752929687500
110.195312500000
110.638671875000
111.080566406250
111.520996093750
111.961914062500
112.405761718750
112.851562500000
113.296386718750
113.740234375000
114.186523437500
114.633300781250
115.078613281250
115.522949218750
115.964843750000
116.407226562500
116.854492187500
117.307617187500
117.766601562500
118.230468750000
118.702148437500
119.175781250000
119.648925781250
120.117675781250
120.583496093750
121.041015625000
121.493652343750
121.938964843750
122.380371093750
122.819335937500
123.258300781250
123.696777343750
124.135253906250
124.576660156250
125.016113281250
125.455566406250
125.896484375000
126.336914062500
126.776855468750
127.213867187500
127.649902343750
128.087402343750
128.523925781250
128.960449218750
129.397460937500
129.830078125000
130.263183593750
130.695312500000
131.129882812500
131.566894531250
132.004882812500
132.444335937500
132.882812500000
133.321289062500
133.759765625000
134.202148437500
134.644531250000
135.087402343750
135.533691406250
135.983398437500
136.438964843750
136.897460937500
137.357421875000
137.817382812500
138.281250000000
138.743652343750
139.208007812500
139.671386718750
140.139648437500
140.612304687500
141.085449218750
141.557617187500
142.033203125000
142.514648437500
142.999023437500
143.482421875000
143.966796875000
144.450683593750
144.932617187500
145.415527343750
145.898437500000
146.382812500000
146.858398437500
147.328613281250
147.796875000000
148.263671875000
148.730957031250
149.198242187500
149.671386718750
150.151367187500
150.646484375000
151.138183593750
151.624511718750
152.119140625000
152.626464843750
153.145996093750
153.668945312500
154.186035156250
154.700195312500
155.209472656250
155.713378906250
156.211425781250
156.706054687500
157.196777343750
157.687500000000
158.173339843750
158.657226562500
159.140625000000
159.625976562500
160.114257812500
160.603027343750
161.099609375000
161.593750000000
162.082031250000
162.564453125000
163.038574218750
163.503906250000
163.962402343750
164.416503906250
164.868652343750
165.317871093750
165.762695312500
166.208984375000
166.655273437500
167.102050781250
167.546875000000
167.991210937500
168.441406250000
168.900390625000
169.363281250000
169.828125000000
170.295410156250
170.780273437500
171.267578125000
171.750976562500
172.225585937500
172.694824218750
173.159179687500
173.621582031250
174.078125000000
174.532226562500
174.986816406250
175.439453125000
175.896972656250
176.351562500000
176.799316406250
177.250000000000
177.696289062500
178.141601562500
178.585449218750
179.025390625000
179.468261718750
179.910156250000
180.352050781250
180.791992187500
181.231933593750
181.670410156250
182.104492187500
182.537597656250
182.967285156250
183.395019531250
183.821777343750
184.248535156250
184.672851562500
185.096191406250
185.518554687500
185.938476562500
186.357421875000
186.779785156250
187.195312500000
187.610351562500
188.022949218750
188.437011718750
188.847656250000
189.257812500000
189.666015625000
190.073242187500
190.480468750000
190.884765625000
191.289550781250
191.694824218750
192.097167968750
192.500976562500
192.900390625000
193.301269531250
193.702636718750
194.102050781250
194.501464843750
194.899414062500
195.297363281250
195.695800781250
196.093750000000
196.493652343750
196.894531250000
197.296875000000
197.703125000000
198.114746093750
198.524414062500
198.933105468750
199.342773437500
199.750976562500
200.162597656250
200.573242187500
200.984863281250
201.398437500000
201.813476562500
202.228515625000
202.644531250000
203.061035156250
203.479003906250
203.897460937500
204.312988281250
204.726074218750
205.138671875000
205.553710937500
205.965332031250
206.376953125000
206.788085937500
207.198730468750
207.613281250000
208.026367187500
208.442382812500
208.857910156250
209.272949218750
209.689453125000
210.108886718750
210.530761718750
210.953125000000
211.382812500000
211.812011718750
212.243164062500
212.673339843750
213.106933593750
213.541992187500
213.978515625000
214.422363281250
214.860839843750
215.298828125000
215.736328125000
216.170898437500
216.600097656250
217.028808593750
217.458007812500
217.883300781250
218.312500000000
218.738281250000
219.164550781250
219.593261718750
220.021972656250
220.453125000000
220.889160156250
221.326171875000
221.761230468750
222.201171875000
222.638671875000
223.072265625000
223.510253906250
223.947265625000
224.384277343750
224.820800781250
225.256835937500
225.693359375000
226.135253906250
226.573242187500
227.014648437500
227.453613281250
227.892089843750
228.326171875000
228.754394531250
229.179687500000
229.606933593750
230.029785156250
230.452636718750
230.873535156250
231.292968750000
231.709472656250
232.124023437500
232.538085937500
232.950683593750
233.358886718750
233.770996093750
234.180175781250
234.587890625000
234.995605468750
235.399414062500
235.808105468750
236.212890625000
236.615234375000
237.020507812500
237.418945312500
237.816406250000
238.213867187500
238.612304687500
239.009277343750
239.405761718750
239.798828125000
240.191894531250
240.585449218750
240.977539062500
241.367675781250
241.759765625000
242.148925781250
242.537597656250
242.925292968750
243.316406250000
243.704589843750
244.092773437500
244.480957031250
244.865722656250
245.253906250000
245.640625000000
246.024902343750
246.412109375000
246.795898437500
247.181152343750
247.564453125000
247.947753906250
248.329589843750
248.710937500000
249.095214843750
249.480468750000
249.866210937500
250.253906250000
250.642578125000
251.032226562500
251.424316406250
251.820312500000
252.216308593750
252.612792968750
253.013671875000
253.413085937500
253.812988281250
254.217773437500
254.619140625000
255.019531250000
255.420898437500
255.822753906250
256.226074218750
256.635253906250
257.045898437500
257.455566406250
257.866699218750
258.274902343750
258.688964843750
259.101074218750
259.511718750000
259.923828125000
260.336425781250
260.748535156250
261.162109375000
261.578125000000
261.994140625000
262.414550781250
262.836425781250
263.259765625000
263.680175781250
264.102050781250
264.524414062500
264.944335937500
265.361816406250
265.774902343750
266.187988281250
266.601074218750
267.007812500000
267.408691406250
267.812988281250
268.218261718750
268.621093750000
269.025390625000
269.427734375000
269.828125000000
270.226562500000
270.625488281250
271.025390625000
271.426269531250
271.822753906250
272.220703125000
272.617187500000
273.014648437500
273.407226562500
273.799316406250
274.192871093750
274.590820312500
274.979492187500
275.369628906250
275.759765625000
276.148925781250
276.538085937500
276.923828125000
277.310058593750
277.695800781250
278.078613281250
278.466308593750
278.852539062500
279.238769531250
279.625000000000
280.011230468750
280.397460937500
280.783203125000
281.168945312500
281.551269531250
281.937988281250
282.322265625000
282.704589843750
283.085449218750
283.467773437500
283.846191406250
284.226562500000
284.601562500000
284.982910156250
285.358886718750
285.735351562500
286.110351562500
286.484863281250
286.859863281250
287.234863281250
287.608398437500
287.979492187500
288.351074218750
288.722167968750
289.094238281250
289.465332031250
289.834960937500
290.203125000000
290.572753906250
290.942871093750
291.310546875000
291.677246093750
292.043945312500
292.409667968750
292.775390625000
293.141113281250
293.508300781250
293.873046875000
294.237304687500
294.602050781250
294.963378906250
295.326660156250
295.688964843750
296.051269531250
296.413085937500
296.772949218750
297.139160156250
297.499511718750
297.862792968750
298.226074218750
298.586425781250
298.951171875000
299.314453125000
299.677734375000
300.041503906250
300.405761718750
300.770019531250
301.132812500000
301.499023437500
301.863281250000
302.227539062500
302.592773437500
302.957519531250
303.320800781250
303.686523437500
304.047851562500
304.414062500000
304.775878906250
305.135253906250
305.500488281250
305.860839843750
306.221679687500
306.584960937500
306.945312500000
307.305175781250
307.665527343750
308.025390625000
308.384765625000
308.744628906250
309.103027343750
309.460937500000
309.821289062500
310.180175781250
310.540039062500
310.899414062500
311.261230468750
311.619628906250
311.979003906250
312.337890625000
312.695800781250
313.055664062500
313.414062500000
313.773437500000
314.131835937500
314.491210937500
314.852050781250
315.213378906250
315.574218750000
315.936523437500
316.296386718750
316.653808593750
317.015136718750
317.374511718750
317.732421875000
318.089843750000
318.448242187500
318.806152343750
319.163085937500
319.520996093750
319.877929687500
320.234863281250
320.593750000000
320.951660156250
321.309082031250
321.670898437500
322.021972656250
322.375488281250
322.731933593750
323.086914062500
323.439941406250
323.795410156250
324.149902343750
324.505859375000
324.859375000000
325.213378906250
325.569824218750
325.924804687500
326.281250000000
326.634765625000
326.989746093750
327.345214843750
327.698730468750
328.053222656250
328.408203125000
328.766113281250
329.122070312500
329.477539062500
329.836425781250
330.196289062500
330.556640625000
330.920410156250
331.281738281250
331.642089843750
332.006347656250
332.367187500000
332.730468750000
333.094726562500
333.458496093750
333.825195312500
334.190429687500
334.558105468750
334.926269531250
335.295898437500
335.665039062500
336.032714843750
336.404296875000
336.773925781250
337.142578125000
337.513671875000
337.884277343750
338.256347656250
338.625976562500
338.997558593750
339.369140625000
339.740234375000
340.111328125000
340.484375000000
340.857910156250
341.228515625000
341.601562500000
341.973144531250
342.347167968750
342.717285156250
343.087890625000
343.459472656250
343.829589843750
344.198730468750
344.569335937500
344.936523437500
345.305175781250
345.672851562500
346.040039062500
346.407226562500
346.774902343750
347.143066406250
347.510253906250
347.878417968750
348.247070312500
348.616699218750
348.984863281250
349.356933593750
349.726562500000
350.096679687500
350.466796875000
350.835449218750
351.203613281250
351.573730468750
351.941406250000
352.311035156250
352.677246093750
353.044921875000
353.408203125000
353.773925781250
354.138671875000
354.502929687500
354.865722656250
355.231445312500
355.592773437500
355.953125000000
356.314941406250
356.676269531250
357.038574218750
357.398437500000
357.759277343750
358.120605468750
358.479003906250
358.838867187500
359.198242187500
359.558105468750
359.916015625000
360.276367187500
360.634765625000
360.994140625000
361.352539062500
361.709960937500
362.064941406250
362.422363281250
362.776367187500
363.133300781250
363.486328125000
363.843261718750
364.195800781250
364.549316406250
364.905273437500
365.260742187500
365.617675781250
365.971191406250
366.328125000000
366.681640625000
367.039550781250
367.394531250000
367.754882812500
368.112304687500
368.470214843750
368.828125000000
369.184082031250
369.540527343750
369.896972656250
370.252929687500
370.608886718750
370.961914062500
371.319335937500
371.677246093750
372.033203125000
372.390625000000
372.748535156250
373.103515625000
373.466308593750
373.824218750000
374.186035156250
374.547363281250
374.907714843750
375.270507812500
375.631347656250
375.992187500000
376.353515625000
376.718750000000
377.079589843750
377.441894531250
377.803222656250
378.164062500000
378.524902343750
378.884765625000
379.243652343750
379.604003906250
379.961914062500
380.320800781250
380.680664062500
381.039062500000
381.395019531250
381.752929687500
382.111816406250
382.469238281250
382.828125000000
383.187500000000
383.544433593750
383.905273437500
384.265136718750
384.625976562500
384.984863281250
385.346679687500
385.705078125000
386.064941406250
386.422851562500
386.783203125000
387.140136718750
387.499511718750
387.856445312500
388.213867187500
388.572265625000
388.932128906250
389.291992187500
389.652832031250
390.009765625000
390.374023437500
390.736816406250
391.105468750000
391.465332031250
391.831054687500
392.195800781250
392.561035156250
392.928222656250
393.296386718750
393.666015625000
394.032226562500
394.398437500000
394.768066406250
395.139648437500
395.517089843750
395.892578125000
396.264648437500
396.640625000000
397.019042968750
397.400390625000
397.781738281250
398.163574218750
398.547363281250
398.933105468750
399.321777343750
399.710937500000
400.095703125000
400.482421875000
400.865722656250
401.254394531250
401.647949218750
402.039062500000
402.427734375000
402.820312500000
403.217773437500
403.616210937500
404.020507812500
404.428710937500
404.834960937500
405.236816406250
405.641601562500
406.047363281250
406.453125000000
406.853515625000
407.257324218750
407.659667968750
408.055664062500
408.452148437500
408.848144531250
409.245117187500
409.639160156250
410.026855468750
410.416992187500
410.811035156250
411.203125000000
411.591796875000
411.983398437500
412.380371093750
412.779296875000
413.176269531250
413.580566406250
413.989746093750
414.405273437500
414.825195312500
415.245605468750
415.663085937500
416.084472656250
416.508300781250
416.936523437500
417.366210937500
417.791992187500
418.219238281250
418.644531250000
419.075195312500
419.500000000000
419.921386718750
420.331542968750
420.749023437500
421.167480468750
421.588867187500
422.008300781250
422.429199218750
422.852539062500
423.269531250000
423.683593750000
424.100585937500
424.517578125000
424.945312500000
425.363281250000
425.783203125000
426.211914062500
426.646484375000
427.086425781250
427.539062500000
427.988281250000
428.437988281250
428.888671875000
429.333984375000
429.783691406250
430.228515625000
430.671875000000
431.111816406250
431.556640625000
432
432.440429687500
432.875488281250
433.304199218750
433.730468750000
434.154296875000
434.576660156250
434.999023437500
435.416503906250
435.834960937500
436.260253906250
436.675781250000
437.094238281250
437.513183593750
437.929687500000
438.345214843750
438.756347656250
439.161621093750
439.564941406250
439.967285156250
440.368164062500
440.767089843750
441.163085937500
441.556152343750
441.951660156250
442.344238281250
442.741210937500
443.132324218750
443.522949218750
443.914062500000
444.305664062500
444.696289062500
445.086914062500
445.484863281250
445.881835937500
446.277343750000
446.673828125000
447.076171875000
447.469238281250
447.865722656250
448.256835937500
448.649414062500
449.040527343750
449.431152343750
449.820312500000
450.207031250000
450.594238281250
450.978027343750
451.364257812500
451.750000000000
452.138671875000
452.522949218750
452.909667968750
453.295898437500
453.679687500000
454.062988281250
454.444824218750
454.824218750000
455.203125000000
455.582519531250
455.959472656250
456.334960937500
456.711425781250
457.086914062500
457.461914062500
457.837890625000
458.212402343750
458.586914062500
458.960937500000
459.335937500000
459.708984375000
460.084960937500
460.458984375000
460.835937500000
461.208007812500
461.582031250000
461.955566406250
462.329101562500
462.703613281250
463.075683593750
463.447753906250
463.821289062500
464.188476562500
464.556640625000
464.926269531250
465.294433593750
465.660644531250
466.028320312500
466.394531250000
466.760253906250
467.125488281250
467.492187500000
467.853515625000
468.217285156250
468.583007812500
468.945312500000
469.310546875000
469.672851562500
470.038574218750
470.399414062500
470.760742187500
471.123535156250
471.483886718750
471.844238281250
472.204101562500
472.562500000000
472.923339843750
473.283691406250
473.642578125000
474
474.358398437500
474.718261718750
475.074707031250
475.434082031250
475.792968750000
476.150878906250
476.510253906250
476.867187500000
477.223632812500
477.579101562500
477.935058593750
478.290527343750
478.645019531250
479
479.354003906250
479.710937500000
480.062011718750
480.418457031250
480.772949218750
481.124023437500
481.478027343750
481.830078125000
482.180664062500
482.532226562500
482.883789062500
483.234863281250
483.583984375000
483.932617187500
484.277832031250
484.628906250000
484.979492187500
485.331054687500
485.682128906250
486.030761718750
486.382324218750
486.730957031250
487.079589843750
487.426757812500
487.774902343750
488.122070312500
488.467773437500
488.814453125000
489.163574218750
489.507812500000
489.856933593750
490.203613281250
490.549804687500
490.895019531250
491.240722656250
491.584472656250
491.929687500000
492.273437500000
492.616210937500
492.960937500000
493.304687500000
493.647460937500
493.990722656250
494.332031250000
494.673339843750
495.013183593750
495.353027343750
495.694824218750
496.037109375000
496.379394531250
496.719238281250
497.062500000000
497.401855468750
497.742675781250
498.080566406250
498.421875000000
498.763183593750
499.104492187500
499.447265625000
499.789550781250
500.132812500000
500.473632812500
500.815917968750
501.157714843750
501.499023437500
501.836914062500
502.181152343750
502.523437500000
502.865234375000
503.209960937500
503.550781250000
503.896484375000
504.241210937500
504.586425781250
504.927734375000
505.274414062500
505.616699218750
505.959960937500
506.302246093750
506.645019531250
506.984375000000
507.328613281250
507.672851562500
508.015136718750
508.358886718750
508.699707031250
509.041015625000
509.384765625000
509.724121093750
510.065429687500
510.405761718750
510.746093750000
511.088867187500
511.431152343750
511.773437500000
512.116699218750
512.458496093750
512.799804687500
513.142089843750
513.483398437500
513.823730468750
514.164062500000
514.504394531250
514.847656250000
515.191406250000
515.531738281250
515.875976562500
516.216796875000
516.558593750000
516.900878906250
517.242675781250
517.581542968750
517.926269531250
518.267578125000
518.609863281250
518.951660156250
519.294433593750
519.634765625000
519.977050781250
520.314941406250
520.656738281250
520.993652343750
521.334960937500
521.671875000000
522.007324218750
522.349121093750
522.688476562500
523.028320312500
523.366210937500
523.706054687500
524.041992187500
524.381347656250
524.718261718750
525.053710937500
525.390136718750
525.728027343750
526.064453125000
526.400390625000
526.740722656250
527.078125000000
527.416015625000
527.751464843750
528.088378906250
528.425781250000
528.760253906250
529.094726562500
529.432128906250
529.768066406250
530.106933593750
530.443847656250
530.781250000000
531.117187500000
531.452636718750
531.790039062500
532.125000000000
532.459472656250
532.797851562500
533.133789062500
533.476562500000
533.805664062500
534.140625000000
534.477539062500
534.812988281250
535.147949218750
535.479003906250
535.819335937500
536.155761718750
536.492187500000
536.827636718750
537.163574218750
537.499511718750
537.834472656250
538.166992187500
538.501953125000
538.836425781250
539.173339843750
539.509277343750
539.845703125000
540.182128906250
540.517089843750
540.853515625000
541.186523437500
541.522949218750
541.858886718750
542.193847656250
542.530761718750
542.868164062500
543.204589843750
543.541503906250
543.875488281250
544.215820312500
544.552246093750
544.888671875000
545.222167968750
545.559082031250
545.896484375000
546.232421875000
546.570312500000
546.909667968750
547.246093750000
547.582031250000
547.921386718750
548.259765625000
548.594238281250
548.928222656250
549.266113281250
549.603515625000
549.937988281250
550.276855468750
550.616699218750
550.953613281250
551.293457031250
551.630371093750
551.967285156250
552.304687500000
552.640625000000
552.979003906250
553.314941406250
553.652343750000
553.989257812500
554.326171875000
554.663574218750
554.998535156250
555.337402343750
555.673828125000
556.009765625000
556.344726562500
556.679199218750
557.015625000000
557.349609375000
557.680664062500
558.016601562500
558.352539062500
558.683593750000
559.019042968750
559.354492187500
559.687011718750
560.020996093750
560.353027343750
560.686035156250
561.016113281250
561.346679687500
561.680175781250
562.011230468750
562.343750000000
562.676757812500
563.008300781250
563.340820312500
563.671386718750
564.001953125000
564.330566406250
564.664062500000
564.994140625000
565.327148437500
565.656250000000
565.990722656250
566.319335937500
566.648437500000
566.980957031250
567.312988281250
567.638671875000
567.969238281250
568.299804687500
568.633300781250
568.965332031250
569.292968750000
569.624511718750
569.953125000000
570.283691406250
570.613769531250
570.943847656250
571.274414062500
571.607910156250
571.939453125000
572.270996093750
572.604980468750
572.931640625000
573.258789062500
573.589843750000
573.922363281250
574.251953125000
574.584960937500
574.915039062500
575.245605468750
575.577148437500
575.908203125000
576.237792968750
576.570312500000
576.897949218750
577.230957031250
577.561035156250
577.891113281250
578.222656250000
578.553710937500
578.884765625000
579.211914062500
579.543945312500
579.875976562500
580.205566406250
580.537597656250
580.869140625000
581.203125000000
581.534179687500
581.866210937500
582.195312500000
582.527832031250
582.858398437500
583.188476562500
583.522949218750
583.854492187500
584.187988281250
584.517578125000
584.852050781250
585.181640625000
585.514648437500
585.843261718750
586.178222656250
586.507812500000
586.841796875000
587.173339843750
587.508300781250
587.835937500000
588.166992187500
588.499511718750
588.827148437500
589.156250000000
589.489257812500
589.818359375000
590.148437500000
590.479003906250
590.808593750000
591.139160156250
591.465820312500
591.795898437500
592.124511718750
592.451171875000
592.781250000000
593.110839843750
593.438964843750
593.768554687500
594.099121093750
594.421875000000
594.750000000000
595.078125000000
595.403320312500
595.735351562500
596.062011718750
596.389160156250
596.715332031250
597.040527343750
597.369140625000
597.695312500000
598.021972656250
598.349609375000
598.679199218750
599.002441406250
599.332031250000
599.658203125000
599.982421875000
600.308105468750
600.634765625000
600.961425781250
601.288085937500
601.616210937500
601.940917968750
602.265625000000
602.590820312500
602.916015625000
603.243164062500
603.566406250000
603.894042968750
604.219726562500
604.547363281250
604.873046875000
605.197265625000
605.522460937500
605.846679687500
606.173828125000
606.499511718750
606.827148437500
607.153320312500
607.478515625000
607.803710937500
608.128417968750
608.456054687500
608.779785156250
609.107910156250
609.434570312500
609.763183593750
610.087890625000
610.416015625000
610.743164062500
611.064941406250
611.393554687500
611.720214843750
612.046386718750
612.375488281250
612.704589843750
613.029296875000
613.353027343750
613.680175781250
614.009277343750
614.334472656250
614.661621093750
614.987304687500
615.314941406250
615.641601562500
615.968750000000
616.296386718750
616.619628906250
616.946289062500
617.270019531250
617.595703125000
617.925781250000
618.250976562500
618.577148437500
618.900878906250
619.229003906250
619.555175781250
619.877441406250
620.207519531250
620.532714843750
620.860351562500
621.186035156250
621.514648437500
621.839843750000
622.165527343750
622.489746093750
622.815429687500
623.140136718750
623.467285156250
623.792968750000
624.120117187500
624.444824218750
624.772949218750
625.100097656250
625.425781250000
625.745117187500
626.075195312500
626.401855468750
626.726562500000
627.052246093750
627.377929687500
627.703125000000
628.028320312500
628.353515625000
628.679687500000
629.000488281250
629.327148437500
629.653320312500
629.980468750000
630.303710937500
630.630859375000
630.954101562500
631.277343750000
631.603027343750
631.929687500000
632.252929687500
632.578125000000
632.905761718750
633.229492187500
633.555175781250
633.875976562500
634.201660156250
634.523437500000
634.850097656250
635.175781250000
635.501464843750
635.827148437500
636.149902343750
636.477539062500
636.801269531250
637.125000000000
637.452636718750
637.774414062500
638.101562500000
638.425781250000
638.751953125000
639.078613281250
639.404296875000
639.726074218750
640.051757812500
640.378417968750
640.701660156250
641.029296875000
641.355957031250
641.680175781250
642.007812500000
642.332519531250
642.654785156250
642.980468750000
643.305664062500
643.630859375000
643.958007812500
644.283691406250
644.609375000000
644.932128906250
645.257812500000
645.583984375000
645.907714843750
646.230468750000
646.556640625000
646.882812500000
647.210449218750
647.533203125000
647.859863281250
648.182617187500
648.507812500000
648.833984375000
649.154785156250
649.481933593750