0.597167968750000
1.33544921875000
2.07177734375000
2.85839843750000
3.71826171875000
4.72900390625000
5.76562500000000
6.54833984375000
7.33300781250000
8.15771484375000
8.93603515625000
9.73291015625000
10.5449218750000
11.3398437500000
12.0483398437500
12.7333984375000
13.4052734375000
14.1171875000000
14.8618164062500
15.6250000000000
16.3657226562500
17.0668945312500
17.7363281250000
18.3935546875000
19.0483398437500
19.7143554687500
20.3886718750000
21.0537109375000
21.6943359375000
22.3198242187500
22.9399414062500
23.5527343750000
24.1650390625000
24.7749023437500
25.3813476562500
25.9765625000000
26.5737304687500
27.1733398437500
27.7744140625000
28.3759765625000
28.9838867187500
29.5859375000000
30.1806640625000
30.7739257812500
31.3696289062500
31.9692382812500
32.5747070312500
33.1953125000000
33.8183593750000
34.4433593750000
35.0649414062500
35.6796875000000
36.2900390625000
36.9033203125000
37.5224609375000
38.1499023437500
38.7968750000000
39.4458007812500
40.0883789062500
40.7167968750000
41.3344726562500
41.9423828125000
42.5483398437500
43.1577148437500
43.7783203125000
44.4165039062500
45.0708007812500
45.7124023437500
46.3432617187500
46.9682617187500
47.5839843750000
48.2133789062500
48.8515625000000
49.4907226562500
50.1191406250000
50.7416992187500
51.3613281250000
51.9765625000000
52.5800781250000
53.1796875000000
53.7817382812500
54.3754882812500
54.9702148437500
55.5659179687500
56.1674804687500
56.7880859375000
57.4228515625000
58.0527343750000
58.6694335937500
59.2875976562500
59.9057617187500
60.5283203125000
61.1435546875000
61.7558593750000
62.3618164062500
62.9721679687500
63.5893554687500
64.2070312500000
64.8173828125000
65.4218750000000
66.0297851562500
66.6420898437500
67.2719726562500
67.8896484375000
68.4970703125000
69.1044921875000
69.7177734375000
70.3403320312500
70.9599609375000
71.5708007812500
72.1733398437500
72.7739257812500
73.3686523437500
73.9741210937500
74.5800781250000
75.1840820312500
75.7846679687500
76.3833007812500
76.9838867187500
77.5854492187500
78.1948242187500
78.8056640625000
79.4140625000000
80.0146484375000
80.6225585937500
81.2529296875000
81.9213867187500
82.5917968750000
83.2275390625000
83.8540039062500
84.4790039062500
85.1171875000000
85.7700195312500
86.4082031250000
87.0322265625000
87.6416015625000
88.2553710937500
88.8715820312500
89.4843750000000
90.0952148437500
90.7050781250000
91.3222656250000
91.9477539062500
92.5668945312500
93.1738281250000
93.7812500000000
94.3984375000000
95.0214843750000
95.6503906250000
96.2578125000000
96.8593750000000
97.4511718750000
98.0249023437500
98.5961914062500
99.1728515625000
99.7534179687500
100.329101562500
100.904785156250
101.479492187500
102.055664062500
102.634765625000
103.214843750000
103.788574218750
104.363769531250
104.938476562500
105.528320312500
106.125000000000
106.719726562500
107.311035156250
107.907714843750
108.522949218750
109.151367187500
109.773437500000
110.380371093750
110.985351562500
111.595214843750
112.208007812500
112.814941406250
113.410644531250
114.000976562500
114.592773437500
115.194335937500
115.812500000000
116.436523437500
117.047363281250
117.649414062500
118.251953125000
118.861816406250
119.475097656250
120.073730468750
120.669921875000
121.258300781250
121.846191406250
122.435058593750
123.014160156250
123.588867187500
124.166015625000
124.744628906250
125.329589843750
125.918457031250
126.500976562500
127.084472656250
127.672851562500
128.268066406250
128.872070312500
129.468750000000
130.062500000000
130.646972656250
131.233886718750
131.821289062500
132.416015625000
133.004882812500
133.584472656250
134.163085937500
134.737792968750
135.312988281250
135.894531250000
136.479980468750
137.055664062500
137.632812500000
138.214843750000
138.802734375000
139.392578125000
139.977050781250
140.557128906250
141.139160156250
141.727539062500
142.327148437500
142.916015625000
143.495117187500
144.073730468750
144.648437500000
145.213867187500
145.774414062500
146.331054687500
146.887695312500
147.438476562500
147.992187500000
148.540527343750
149.092285156250
149.645507812500
150.204589843750
150.772949218750
151.337890625000
151.901367187500
152.466796875000
153.031738281250
153.600585937500
154.165527343750
154.727050781250
155.291015625000
155.853027343750
156.420898437500
156.992675781250
157.558593750000
158.124511718750
158.683105468750
159.236328125000
159.788085937500
160.332031250000
160.873046875000
161.415039062500
161.956542968750
162.501953125000
163.048828125000
163.609375000000
164.164062500000
164.719238281250
165.275878906250
165.842285156250
166.417480468750
166.991699218750
167.561035156250
168.124023437500
168.687500000000
169.250976562500
169.808593750000
170.362792968750
170.917480468750
171.478027343750
172.040039062500
172.601074218750
173.159667968750
173.720214843750
174.281250000000
174.845214843750
175.404296875000
175.960937500000
176.520019531250
177.081542968750
177.652832031250
178.216796875000
178.780273437500
179.337402343750
179.895507812500
180.439941406250
180.983886718750
181.524902343750
182.066406250000
182.609375000000
183.146972656250
183.684570312500
184.220214843750
184.757812500000
185.295898437500
185.855468750000
186.449218750000
187.063476562500
187.686035156250
188.298339843750
188.895996093750
189.469726562500
190.032714843750
190.585449218750
191.142089843750
191.721679687500
192.321777343750
192.933105468750
193.548339843750
194.154785156250
194.740234375000
195.312011718750
195.876953125000
196.440917968750
197.013671875000
197.591308593750
198.174804687500
198.750488281250
199.320312500000
199.890136718750
200.462890625000
201.041015625000
201.609863281250
202.172363281250
202.728027343750
203.281738281250
203.839843750000
204.395019531250
204.950683593750
205.500976562500
206.049316406250
206.594726562500
207.147949218750
207.700683593750
208.250976562500
208.806640625000
209.362304687500
209.916015625000
210.464355468750
211.013183593750
211.555175781250
212.096191406250
212.631835937500
213.165039062500
213.696777343750
214.227050781250
214.764648437500
215.299316406250
215.835449218750
216.369628906250
216.905761718750
217.438476562500
217.969726562500
218.500000000000
219.032226562500
219.562011718750
220.091796875000
220.623535156250
221.160644531250
221.703613281250
222.242675781250
222.780761718750
223.314941406250
223.850585937500
224.375976562500
224.908691406250
225.444824218750
225.979980468750
226.514160156250
227.043945312500
227.576660156250
228.107910156250
228.636230468750
229.163085937500
229.690917968750
230.216308593750
230.742675781250
231.268066406250
231.806640625000
232.356445312500
232.911621093750
233.462890625000
234.008789062500
234.551757812500
235.092285156250
235.634277343750
236.176757812500
236.719238281250
237.256835937500
237.791992187500
238.331054687500
238.868652343750
239.410644531250
239.954101562500
240.495117187500
241.031250000000
241.569824218750
242.106933593750
242.643554687500
243.176757812500
243.705566406250
244.235839843750
244.766113281250
245.295898437500
245.819824218750
246.349609375000
246.875488281250
247.403808593750
247.930175781250
248.459960937500
248.993652343750
249.529785156250
250.063964843750
250.600585937500
251.134765625000
251.672363281250
252.208007812500
252.738769531250
253.271972656250
253.806640625000
254.340820312500
254.877441406250
255.412597656250
255.945800781250
256.471679687500
257.000488281250
257.526367187500
258.051269531250
258.573242187500
259.093750000000
259.617187500000
260.137695312500
260.657226562500
261.177246093750
261.697265625000
262.214843750000
262.731933593750
263.255371093750
263.776367187500
264.302246093750
264.821289062500
265.343261718750
265.859375000000
266.377441406250
266.892089843750
267.402832031250
267.911621093750
268.423339843750
268.935058593750
269.439941406250
269.947265625000
270.456542968750
270.965332031250
271.473632812500
271.970703125000
272.468750000000
272.969238281250
273.468750000000
273.966308593750
274.460449218750
274.960449218750
275.456542968750
275.958496093750
276.460937500000
276.970214843750
277.487792968750
278
278.509765625000
279.017578125000
279.524902343750
280.032714843750
280.539550781250
281.040039062500
281.542968750000
282.042480468750
282.546386718750
283.051757812500
283.559082031250
284.062988281250
284.568847656250
285.079589843750
285.591308593750
286.095703125000
286.597167968750
287.102539062500
287.605468750000
288.101562500000
288.595214843750
289.094726562500
289.593750000000
290.091308593750
290.586425781250
291.085937500000
291.584960937500
292.083984375000
292.582031250000
293.084960937500
293.586914062500
294.079589843750
294.574707031250
295.071289062500
295.564453125000
296.056152343750
296.562500000000
297.068847656250
297.580078125000
298.091796875000
298.597656250000
299.096191406250
299.596191406250
300.096191406250
300.601074218750
301.110839843750
301.613281250000
302.113281250000
302.612304687500
303.118164062500
303.621582031250
304.120605468750
304.615722656250
305.111816406250
305.604980468750
306.100585937500
306.594238281250
307.086425781250
307.580078125000
308.078613281250
308.582519531250
309.078613281250
309.578125000000
310.077636718750
310.579589843750
311.079101562500
311.580078125000
312.077148437500
312.578125000000
313.079101562500
313.580078125000
314.078613281250
314.582519531250
315.083496093750
315.573242187500
316.065429687500
316.556152343750
317.040527343750
317.519531250000
318.000976562500
318.479980468750
318.962402343750
319.446777343750
319.937500000000
320.427734375000
320.921386718750
321.408691406250
321.898437500000
322.396484375000
322.883300781250
323.368164062500
323.852050781250
324.342285156250
324.819824218750
325.302734375000
325.781738281250
326.264648437500
326.745117187500
327.235351562500
327.727050781250
328.218261718750
328.708496093750
329.202148437500
329.695800781250
330.196777343750
330.700195312500
331.193847656250
331.685546875000
332.174316406250
332.664062500000
333.147949218750
333.633300781250
334.116210937500
334.599609375000
335.080078125000
335.563476562500
336.047851562500
336.539550781250
337.031250000000
337.524414062500
338.020507812500
338.511230468750
339.007812500000
339.503906250000
339.996093750000
340.483398437500
340.971191406250
341.458496093750
341.940429687500
342.420410156250
342.903808593750
343.384277343750
343.868164062500
344.351562500000
344.832031250000
345.312988281250
345.794921875000
346.274902343750
346.751464843750
347.231933593750
347.709960937500
348.182617187500
348.655273437500
349.130859375000
349.602539062500
350.075683593750
350.545898437500
351.017578125000
351.491699218750
351.964355468750
352.438964843750
352.915527343750
353.393066406250
353.867675781250
354.351074218750
354.827148437500
355.299804687500
355.773437500000
356.249511718750
356.722167968750
357.193847656250
357.656250000000
358.125000000000
358.590332031250
359.062011718750
359.520019531250
359.979980468750
360.444335937500
360.907226562500
361.369140625000
361.825195312500
362.273925781250
362.730468750000
363.186523437500
363.644042968750
364.094726562500
364.540039062500
364.993164062500
365.445312500000
365.895507812500
366.341796875000
366.781250000000
367.229980468750
367.676269531250
368.125976562500
368.570800781250
369.007812500000
369.453613281250
369.896484375000
370.345214843750
370.786621093750
371.222656250000
371.666992187500
372.108398437500
372.554199218750
372.992187500000
373.429687500000
373.867187500000
374.310546875000
374.751464843750
375.197753906250
375.638183593750
376.078613281250
376.515625000000
376.962402343750
377.406250000000
377.852050781250
378.291503906250
378.735351562500
379.176757812500
379.618164062500
380.064453125000
380.509765625000
380.951660156250
381.398437500000
381.837890625000
382.289062500000
382.731933593750
383.179199218750
383.624511718750
384.078125000000
384.513671875000
384.960937500000
385.409667968750
385.853027343750
386.296875000000
386.742675781250
387.187500000000
387.632324218750
388.080566406250
388.519042968750
388.961425781250
389.406738281250
389.852539062500
390.298828125000
390.742187500000
391.182617187500
391.617675781250
392.063964843750
392.507812500000
392.951171875000
393.390625000000
393.830566406250
394.272460937500
394.714355468750
395.157226562500
395.601562500000
396.042968750000
396.483886718750
396.924316406250
397.371582031250
397.818847656250
398.259765625000
398.702636718750
399.141601562500
399.585937500000
400.030761718750
400.477050781250
400.919433593750
401.355468750000
401.800292968750
402.242187500000
402.684570312500
403.124511718750
403.565429687500
404.002441406250
404.433593750000
404.875488281250
405.316406250000
405.753417968750
406.187500000000
406.625488281250
407.061523437500
407.496093750000
407.936523437500
408.375000000000
408.808105468750
409.242187500000
409.675292968750
410.105468750000
410.540039062500
410.977539062500
411.409667968750
411.844238281250
412.273437500000
412.699218750000
413.130371093750
413.558593750000
413.989746093750
414.417968750000
414.847656250000
415.273925781250
415.695312500000
416.123535156250
416.558593750000
416.978027343750
417.406250000000
417.835937500000
418.257812500000
418.680664062500
419.108398437500
419.528808593750
419.952636718750
420.375976562500
420.798339843750
421.223144531250
421.646484375000
422.064453125000
422.485839843750
422.902343750000
423.322753906250
423.744140625000
424.164062500000
424.587890625000
425.008789062500
425.425781250000
425.843750000000
426.261718750000
426.677734375000
427.094238281250
427.510742187500
427.928710937500
428.349609375000
428.767089843750
429.185546875000
429.600585937500
430.011718750000
430.431640625000
430.848632812500
431.268066406250
431.686035156250
432.101562500000
432.517089843750
432.934570312500
433.347167968750
433.757324218750
434.171875000000
434.584472656250
435.002929687500
435.420898437500
435.838867187500
436.249511718750
436.664550781250
437.078613281250
437.491699218750
437.906250000000
438.312500000000
438.728027343750
439.141601562500
439.557128906250
439.975585937500
440.386230468750
440.803222656250
441.218261718750
441.632324218750
442.043945312500
442.457519531250
442.872558593750
443.291015625000
443.710937500000
444.127441406250
444.544921875000
444.961425781250
445.375488281250
445.789550781250
446.206054687500
446.619140625000
447.033691406250
447.452636718750
447.867187500000
448.284179687500
448.703125000000
449.117675781250
449.533691406250
449.945800781250
450.359375000000
450.772949218750
451.187988281250
451.600097656250
452.016113281250
452.431152343750
452.844726562500
453.264648437500
453.679687500000
454.095214843750
454.509765625000
454.927246093750
455.344726562500
455.759277343750
456.181640625000
456.604003906250
457.024414062500
457.444335937500
457.866699218750
458.288574218750
458.704589843750
459.126953125000
459.548339843750
459.976562500000
460.396484375000
460.820312500000
461.242675781250
461.664550781250
462.083007812500
462.508300781250
462.930175781250
463.346191406250
463.768554687500
464.188476562500
464.606445312500
465.028320312500
465.446777343750
465.862792968750
466.276367187500
466.690917968750
467.105468750000
467.522949218750
467.929687500000
468.350585937500
468.762695312500
469.173828125000
469.586914062500
469.998535156250
470.406738281250
470.818847656250
471.227050781250
471.628906250000
472.041503906250
472.454101562500
472.859375000000
473.271484375000
473.678222656250
474.084960937500
474.495117187500
474.899902343750
475.309570312500
475.712402343750
476.116699218750
476.521972656250
476.929687500000
477.329589843750
477.734375000000
478.139648437500
478.541503906250
478.952148437500
479.360839843750
479.767089843750
480.171386718750
480.577636718750
480.977539062500
481.382324218750
481.784179687500
482.182617187500
482.583984375000
482.984375000000
483.383300781250
483.782714843750
484.179687500000
484.577636718750
484.984375000000
485.384277343750
485.784179687500
486.187011718750
486.584960937500
486.985839843750
487.390625000000
487.788574218750
488.189453125000
488.584472656250
488.981933593750
489.376953125000
489.775878906250
490.170410156250
490.562500000000
490.957519531250
491.351562500000
491.743652343750
492.138671875000
492.531250000000
492.917968750000
493.317871093750
493.706054687500
494.101074218750
494.488281250000
494.884277343750
495.274414062500
495.671386718750
496.059570312500
496.453613281250
496.838867187500
497.233886718750
497.625488281250
498.021972656250
498.409179687500
498.799316406250
499.187500000000
499.582031250000
499.970214843750
500.361328125000
500.746093750000
501.137207031250
501.525878906250
501.916992187500
502.304199218750
502.692871093750
503.080078125000
503.469726562500
503.869140625000
504.250976562500
504.638671875000
505.024902343750
505.414550781250
505.805175781250
506.194824218750
506.585449218750
506.973144531250
507.363281250000
507.755371093750
508.144531250000
508.532714843750
508.921875000000
509.317871093750
509.705566406250
510.097167968750
510.483886718750
510.878417968750
511.270996093750
511.664550781250
512.054687500000
512.439941406250
512.833496093750
513.225585937500
513.614257812500
514.004394531250
514.390136718750
514.780761718750
515.169921875000
515.560546875000
515.945800781250
516.329101562500
516.717285156250
517.103515625000
517.491210937500
517.876464843750
518.260742187500
518.647460937500
519.037597656250
519.418945312500
519.810058593750
520.191406250000
520.584472656250
520.968750000000
521.360839843750
521.742187500000
522.130371093750
522.516113281250
522.904296875000
523.285644531250
523.680664062500
524.065429687500
524.453613281250
524.837890625000
525.225585937500
525.611816406250
526.001464843750
526.382812500000
526.771484375000
527.151367187500
527.539550781250
527.924316406250
528.312500000000
528.695312500000
529.073730468750
529.458984375000
529.843261718750
530.221191406250
530.606933593750
530.984375000000
531.365234375000
531.744628906250
532.130859375000
532.507812500000
532.887695312500
533.267578125000
533.651367187500
534.030761718750
534.409179687500
534.788574218750
535.172363281250
535.552734375000
535.931152343750
536.311523437500
536.694824218750
537.072753906250
537.456542968750
537.833007812500
538.212890625000
538.593750000000
538.976074218750
539.353027343750
539.734863281250
540.116699218750
540.495117187500
540.874511718750
541.257812500000
541.636718750000
542.013671875000
542.395996093750
542.774902343750
543.156738281250
543.534667968750
543.915039062500
544.293945312500
544.677734375000
545.056640625000
545.435058593750
545.813476562500
546.196289062500
546.574707031250
546.956542968750
547.328125000000
547.711914062500
548.089843750000
548.473632812500
548.844238281250
549.228515625000
549.611816406250
549.988281250000
550.363769531250
550.742675781250
551.124511718750
551.507324218750
551.891113281250
552.266113281250
552.642089843750
553.023437500000
553.400390625000
553.786132812500
554.172363281250
554.549316406250
554.928222656250
555.310546875000
555.686523437500
556.063964843750
556.446289062500
556.828613281250
557.210449218750
557.590820312500
557.968750000000
558.345703125000
558.728515625000
559.114257812500
559.490722656250
559.873046875000
560.246093750000
560.631347656250
561.010253906250
561.391601562500
561.764648437500
562.146972656250
562.523925781250
562.905273437500
563.276367187500
563.658691406250
564.038085937500
564.416992187500
564.790039062500
565.169433593750
565.546875000000
565.925292968750
566.297363281250
566.678222656250
567.051757812500
567.430664062500
567.802246093750
568.179199218750
568.555175781250
568.930664062500
569.301269531250
569.676269531250
570.049316406250
570.428710937500
570.798339843750
571.170898437500
571.535156250000
571.910156250000
572.280761718750
572.657714843750
573.023437500000
573.395996093750
573.765625000000
574.140625000000
574.507324218750
574.878906250000
575.256347656250
575.621582031250
575.996093750000
576.364257812500
576.735351562500
577.108398437500
577.483398437500
577.852539062500
578.223632812500
578.595214843750
578.971191406250
579.341308593750
579.710937500000
580.084960937500
580.460449218750
580.829589843750
581.206054687500
581.578125000000
581.951660156250
582.321289062500
582.702148437500
583.078613281250
583.453125000000
583.822265625000
584.195800781250
584.578613281250
584.946777343750
585.320312500000
585.690429687500
586.062500000000
586.438964843750
586.810546875000
587.180175781250
587.551757812500
587.926269531250
588.296386718750
588.670410156250
589.035156250000
589.408203125000
589.787109375000
590.149902343750
590.520019531250
590.887207031250
591.257812500000
591.625976562500
591.995117187500
592.361816406250
592.730468750000
593.100585937500
593.469726562500
593.835449218750
594.205078125000
594.573730468750
594.946777343750
595.312011718750
595.685058593750
596.055175781250
596.428710937500
596.793457031250
597.165527343750
597.537109375000
597.906738281250
598.272460937500
598.642578125000
599.013671875000
599.382812500000
599.749511718750
600.122558593750
600.484375000000
600.856445312500
601.227539062500
601.598144531250
601.960937500000
602.329589843750
602.687500000000
603.062011718750
603.429687500000
603.797851562500
604.156250000000
604.527343750000
604.898437500000
605.258789062500
605.626953125000
605.990234375000
606.356933593750
606.725097656250
607.095703125000
607.460937500000
607.826171875000
608.195312500000
608.569824218750
608.936523437500
609.303222656250
609.670410156250
610.046875000000
610.410156250000
610.781738281250
611.144531250000
611.520996093750
611.882812500000
612.250488281250
612.617187500000
612.986816406250
613.351562500000
613.716308593750
614.085937500000
614.453125000000
614.816406250000
615.183593750000
615.539062500000
615.908691406250
616.273437500000
616.639160156250
617
617.366210937500
617.734375000000
618.109375000000
618.467285156250
618.828125000000
619.191406250000
619.557617187500
619.928222656250
620.291503906250
620.658691406250
621.023437500000
621.387695312500
621.756835937500
622.126464843750
622.490234375000
622.854492187500
623.218750000000
623.589843750000
623.953125000000
624.316406250000
624.675781250000
625.045410156250
625.406250000000
625.772460937500
626.132812500000
626.498046875000
626.859375000000
627.226074218750
627.585937500000
627.946777343750
628.312500000000
628.673339843750
629.035156250000
629.395019531250
629.757812500000
630.124511718750
630.488281250000
630.845214843750
631.207031250000
631.571289062500
631.938964843750
632.300292968750
632.663085937500
633.027343750000
633.396484375000
633.757812500000
634.120117187500
634.484375000000
634.852539062500
635.210937500000
635.573242187500
635.937500000000
636.299316406250
636.656250000000
637.020996093750
637.378906250000
637.743652343750
638.105468750000
638.464843750000
638.820312500000
639.182128906250
639.546875000000
639.904296875000
640.265625000000
640.621093750000
640.984863281250
641.345703125000
641.708984375000
642.066406250000
642.429687500000
642.789062500000
643.156738281250
643.511718750000
643.881347656250
644.242187500000
644.602539062500
644.960937500000
645.327148437500
645.683593750000
646.046386718750
646.402343750000
646.766601562500
647.132812500000
647.483398437500
647.843750000000
648.201171875000
648.554687500000
648.922363281250
649.277343750000
649.636230468750
649.992187500000
650.361816406250
650.714843750000
651.070312500000
651.428222656250
651.788574218750
652.150878906250
652.505859375000
652.860839843750
653.222656250000
653.587890625000
653.945312500000
654.304687500000
654.664062500000
655.028320312500
655.382812500000
655.743652343750
656.103027343750
656.460937500000
656.816406250000
657.179687500000
657.541015625000
657.894042968750
658.250000000000
658.603515625000
658.960937500000
659.318359375000
659.673339843750
660.026855468750
660.383789062500
660.742675781250
661.098632812500
661.450683593750
661.811035156250
662.166503906250
662.528320312500
662.882812500000
663.238281250000
663.599121093750
663.959960937500
664.316406250000
664.671875000000
665.029785156250
665.391113281250
665.742187500000
666.101074218750
666.454589843750
666.814941406250
667.167968750000
667.530761718750
667.875000000000
668.234863281250
668.592285156250
668.946777343750
669.300781250000
669.666992187500
670.016601562500
670.368652343750
670.722167968750
671.079589843750
671.439453125000
671.791992187500
672.146484375000
672.503906250000
672.866699218750
673.219726562500
673.576171875000
673.936523437500
674.297363281250
674.648437500000
675.006835937500
675.359375000000
675.720703125000
676.070312500000
676.429687500000
676.777343750000
677.138671875000
677.500000000000
677.850097656250
678.203125000000
678.555175781250
678.910156250000
679.265625000000
679.621093750000
679.975585937500
680.334960937500
680.687500000000
681.042968750000
681.392089843750
681.751953125000
682.107910156250
682.463378906250
682.813964843750
683.177734375000
683.532226562500
683.892089843750
684.242187500000
684.602539062500
684.957031250000
685.312988281250
685.664550781250
686.024902343750
686.375000000000
686.734863281250
687.082031250000
687.437988281250
687.789062500000
688.147949218750
688.500000000000
688.853027343750
689.210937500000
689.562500000000
689.914550781250
690.269531250000
690.626953125000
690.976562500000
691.330566406250
691.687988281250
692.049316406250
692.402343750000
692.758300781250
693.109375000000
693.468750000000
693.820312500000
694.171875000000
694.523437500000
694.883300781250
695.234375000000
695.593261718750
695.945312500000
696.298828125000
696.652343750000
697.009277343750
697.363281250000
697.713867187500
698.071289062500
698.427734375000
698.782226562500
699.132812500000
699.492187500000
699.847656250000
700.208984375000
700.566406250000
700.920410156250
701.281250000000
701.643554687500
701.999511718750
702.355957031250
702.719238281250
703.076171875000
703.429687500000
703.790039062500
704.148925781250
704.509765625000
704.860839843750
705.220214843750
705.580078125000
705.937988281250
706.289062500000
706.643554687500
707.007812500000
707.357910156250
707.709472656250
708.064453125000
708.422851562500
708.780273437500
709.134765625000
709.488281250000
709.845703125000
710.200683593750
710.554199218750
710.915527343750
711.267578125000
711.618652343750
711.974121093750
712.330078125000
712.690917968750
713.044433593750
713.397949218750
713.757324218750
714.115722656250
714.468261718750
714.825683593750
715.179687500000
715.532226562500
715.883789062500
716.244140625000
716.593750000000
716.950683593750
717.296875000000
717.654785156250
718.007812500000
718.361816406250
718.710937500000
719.062011718750
719.419921875000
719.769042968750
720.118652343750
720.473144531250
720.826660156250
721.175781250000
721.530273437500
721.882324218750
722.231933593750
722.581542968750
722.939453125000
723.290527343750
723.641601562500
723.991699218750
724.351074218750
724.699218750000
725.052734375000
725.399902343750
725.758300781250
726.115722656250
726.458496093750
726.806152343750
727.164550781250
727.460449218750
727.858398437500
728.210937500000
728.560546875000
728.921386718750
729.273437500000
729.618164062500
729.968261718750
730.314941406250
730.669921875000
731.024902343750
731.375976562500
731.729492187500
732.077636718750
732.436523437500
732.789062500000
733.142089843750
733.491699218750
733.851562500000
734.204589843750
734.549316406250
734.899902343750
735.258300781250
735.617675781250
735.960937500000
736.312011718750
736.660644531250
737.024414062500
737.374511718750
737.717773437500
738.065429687500
738.416992187500
738.773925781250
739.124023437500
739.469726562500
739.827148437500
740.180664062500
740.531738281250
740.879394531250
741.237304687500
741.592773437500
741.943847656250
742.298339843750
742.642578125000
743
743.353515625000
743.704101562500
744.062500000000
744.408691406250
744.759765625000
745.106445312500
745.461914062500
745.827148437500
746.161132812500
746.507812500000
746.861816406250
747.205078125000
747.556152343750
747.910644531250
748.259277343750
748.608398437500
748.958007812500
749.310546875000
749.659667968750
750.015136718750
750.366210937500
750.719726562500
751.062500000000
751.420898437500
751.768554687500
752.120117187500
752.467285156250
752.819335937500
753.173828125000