0.620605468750000
1.27050781250000
1.91650390625000
2.54541015625000
3.16259765625000
3.74365234375000
4.30810546875000
4.86816406250000
5.43017578125000
6.02587890625000
6.65820312500000
7.29833984375000
7.91992187500000
8.51123046875000
9.09472656250000
9.66601562500000
10.2329101562500
10.7924804687500
11.3569335937500
11.9409179687500
12.5302734375000
13.1030273437500
13.6665039062500
14.2246093750000
14.7817382812500
15.3354492187500
15.8818359375000
16.4238281250000
16.9663085937500
17.5161132812500
18.0751953125000
18.6333007812500
19.1865234375000
19.7202148437500
20.2416992187500
20.7563476562500
21.2661132812500
21.7753906250000
22.2958984375000
22.8334960937500
23.3735351562500
23.9013671875000
24.4169921875000
24.9296875000000
25.4423828125000
25.9638671875000
26.4926757812500
27.0268554687500
27.5551757812500
28.0874023437500
28.6264648437500
29.1572265625000
29.6865234375000
30.2119140625000
30.7563476562500
31.3134765625000
31.8730468750000
32.4296875000000
32.9858398437500
33.5463867187500
34.1093750000000
34.6752929687500
35.2402343750000
35.7958984375000
36.3378906250000
36.8823242187500
37.4287109375000
37.9833984375000
38.5463867187500
39.1088867187500
39.6650390625000
40.2436523437500
40.8193359375000
41.3911132812500
41.9472656250000
42.4882812500000
43.0268554687500
43.5722656250000
44.1381835937500
44.7045898437500
45.2587890625000
45.8002929687500
46.3403320312500
46.8754882812500
47.4091796875000
47.9306640625000
48.4443359375000
48.9506835937500
49.4580078125000
49.9682617187500
50.4921875000000
51.0239257812500
51.5537109375000
52.0727539062500
52.5898437500000
53.1069335937500
53.6293945312500
54.1640625000000
54.7050781250000
55.2426757812500
55.7763671875000
56.3066406250000
56.8271484375000
57.3334960937500
57.8354492187500
58.3305664062500
58.8271484375000
59.3310546875000
59.8491210937500
60.3618164062500
60.8701171875000
61.3964843750000
61.9389648437500
62.5156250000000
63.1010742187500
63.6689453125000
64.2216796875000
64.7832031250000
65.3540039062500
65.9145507812500
66.4560546875000
66.9921875000000
67.5219726562500
68.0541992187500
68.5849609375000
69.1147460937500
69.6323242187500
70.1440429687500
70.6547851562500
71.1621093750000
71.6743164062500
72.1894531250000
72.7231445312500
73.2514648437500
73.7749023437500
74.2910156250000
74.8120117187500
75.3334960937500
75.8530273437500
76.3642578125000
76.8696289062500
77.3715820312500
77.8730468750000
78.3754882812500
78.8906250000000
79.4150390625000
79.9399414062500
80.4648437500000
80.9829101562500
81.4931640625000
81.9965820312500
82.4926757812500
82.9833984375000
83.4697265625000
83.9541015625000
84.4443359375000
84.9526367187500
85.4863281250000
86.0468750000000
86.6435546875000
87.2133789062500
87.7719726562500
88.3129882812500
88.8530273437500
89.3969726562500
89.9448242187500
90.4902343750000
91.0209960937500
91.5429687500000
92.0644531250000
92.5859375000000
93.1020507812500
93.6132812500000
94.1201171875000
94.6245117187500
95.1264648437500
95.6328125000000
96.1406250000000
96.6494140625000
97.1621093750000
97.6762695312500
98.1933593750000
98.7089843750000
99.2338867187500
99.7558593750000
100.285644531250
100.821289062500
101.368652343750
101.916015625000
102.457031250000
102.993164062500
103.522460937500
104.053710937500
104.588378906250
105.116210937500
105.634277343750
106.149414062500
106.659179687500
107.162109375000
107.654296875000
108.133789062500
108.609375000000
109.078125000000
109.546875000000
110.023925781250
110.525878906250
111.063964843750
111.610351562500
112.133789062500
112.658203125000
113.189453125000
113.733398437500
114.273437500000
114.819335937500
115.366699218750
115.921875000000
116.459960937500
116.984375000000
117.498046875000
118.004394531250
118.501464843750
118.997070312500
119.487304687500
119.978027343750
120.464355468750
120.948242187500
121.431152343750
121.916503906250
122.415527343750
122.921386718750
123.431640625000
123.943847656250
124.454589843750
124.969726562500
125.482910156250
125.990234375000
126.491699218750
126.998046875000
127.500000000000
128.004882812500
128.501464843750
128.997070312500
129.494140625000
130.000488281250
130.503417968750
131.007812500000
131.506835937500
132.009277343750
132.511230468750
133.014160156250
133.509277343750
134.008300781250
134.500976562500
134.994140625000
135.483886718750
135.968750000000
136.455566406250
136.946289062500
137.431152343750
137.911621093750
138.385253906250
138.856933593750
139.321777343750
139.789062500000
140.262207031250
140.751953125000
141.259277343750
141.761230468750
142.251953125000
142.750000000000
143.256835937500
143.790039062500
144.335937500000
144.874511718750
145.392578125000
145.905273437500
146.415039062500
146.924804687500
147.428222656250
147.923828125000
148.415039062500
148.906738281250
149.402343750000
149.893066406250
150.380859375000
150.867187500000
151.356933593750
151.858398437500
152.367675781250
152.877929687500
153.383789062500
153.883789062500
154.376953125000
154.873535156250
155.367187500000
155.865234375000
156.352539062500
156.836914062500
157.318847656250
157.802734375000
158.288574218750
158.775390625000
159.263671875000
159.744140625000
160.228027343750
160.712890625000
161.201171875000
161.683105468750
162.162597656250
162.637695312500
163.116699218750
163.596191406250
164.078125000000
164.555664062500
165.031250000000
165.505371093750
165.979492187500
166.460449218750
166.938476562500
167.411621093750
167.884277343750
168.360839843750
168.846191406250
169.329589843750
169.821289062500
170.314453125000
170.805175781250
171.292480468750
171.778320312500
172.259277343750
172.732910156250
173.197265625000
173.656738281250
174.110839843750
174.562011718750
175.016113281250
175.473144531250
175.927734375000
176.377441406250
176.828125000000
177.280273437500
177.740722656250
178.220703125000
178.711425781250
179.205566406250
179.685546875000
180.157226562500
180.640136718750
181.127929687500
181.635253906250
182.143066406250
182.651855468750
183.147949218750
183.632324218750
184.109375000000
184.580566406250
185.050781250000
185.518554687500
185.995605468750
186.479003906250
186.967285156250
187.444824218750
187.920410156250
188.391113281250
188.858886718750
189.323242187500
189.786132812500
190.243652343750
190.697753906250
191.148437500000
191.604003906250
192.064941406250
192.537109375000
193.020996093750
193.509765625000
193.992675781250
194.463867187500
194.928710937500
195.390625000000
195.852539062500
196.312988281250
196.770019531250
197.223144531250
197.671386718750
198.117187500000
198.563476562500
199.007324218750
199.453613281250
199.904785156250
200.354003906250
200.799316406250
201.242675781250
201.683593750000
202.125488281250
202.568847656250
203.009765625000
203.455078125000
203.896972656250
204.335449218750
204.774414062500
205.213378906250
205.656250000000
206.091796875000
206.529296875000
206.962890625000
207.395996093750
207.823242187500
208.251464843750
208.676757812500
209.099609375000
209.522460937500
209.946777343750
210.370605468750
210.797363281250
211.220214843750
211.641601562500
212.065917968750
212.499511718750
212.937011718750
213.381835937500
213.820800781250
214.257812500000
214.695312500000
215.135742187500
215.578613281250
216.019531250000
216.458984375000
216.898437500000
217.343261718750
217.788574218750
218.237792968750
218.680664062500
219.124023437500
219.562988281250
220
220.437011718750
220.873535156250
221.306640625000
221.744628906250
222.178710937500
222.608886718750
223.039062500000
223.469238281250
223.905273437500
224.336914062500
224.767089843750
225.196777343750
225.627441406250
226.057128906250
226.491699218750
226.923828125000
227.355468750000
227.788085937500
228.223144531250
228.662109375000
229.100097656250
229.530761718750
229.961914062500
230.392089843750
230.818359375000
231.244140625000
231.666503906250
232.087402343750
232.510253906250
232.927734375000
233.342285156250
233.756347656250
234.169921875000
234.583496093750
234.996582031250
235.412597656250
235.826660156250
236.240722656250
236.654785156250
237.070312500000
237.484863281250
237.899414062500
238.312500000000
238.725585937500
239.141601562500
239.562988281250
239.983886718750
240.407226562500
240.830078125000
241.250976562500
241.675292968750
242.101562500000
242.522460937500
242.946777343750
243.373535156250
243.796386718750
244.217773437500
244.636718750000
245.054199218750
245.470214843750
245.888671875000
246.305175781250
246.727050781250
247.144042968750
247.563476562500
247.985351562500
248.409179687500
248.831542968750
249.252441406250
249.677246093750
250.101074218750
250.530761718750
250.959960937500
251.385253906250
251.812988281250
252.241210937500
252.669433593750
253.096191406250
253.518066406250
253.939453125000
254.362304687500
254.783691406250
255.205078125000
255.625000000000
256.045410156250
256.462890625000
256.884765625000
257.304687500000
257.721679687500
258.139648437500
258.558105468750
258.977050781250
259.396484375000
259.813964843750
260.227539062500
260.641601562500
261.059082031250
261.476074218750
261.897460937500
262.317382812500
262.733398437500
263.147460937500
263.563476562500
263.977539062500
264.391601562500
264.811035156250
265.226562500000
265.640136718750
266.055664062500
266.468750000000
266.876464843750
267.283203125000
267.690917968750
268.099121093750
268.510253906250
268.921386718750
269.329589843750
269.736816406250
270.147460937500
270.554687500000
270.960937500000
271.367187500000
271.775390625000
272.181640625000
272.590332031250
272.995117187500
273.398437500000
273.802734375000
274.209472656250
274.612304687500
275.017578125000
275.421386718750
275.824707031250
276.225585937500
276.625976562500
277.025390625000
277.421875000000
277.817871093750
278.213378906250
278.609375000000
279.001953125000
279.397460937500
279.795410156250
280.188964843750
280.584472656250
280.982421875000
281.379394531250
281.775878906250
282.173339843750
282.570312500000
282.968750000000
283.366699218750
283.765136718750
284.165039062500
284.561523437500
284.955078125000
285.350097656250
285.743652343750
286.139160156250
286.529785156250
286.921386718750
287.311523437500
287.702148437500
288.092285156250
288.484375000000
288.875976562500
289.268554687500
289.663085937500
290.058105468750
290.458007812500
290.860351562500
291.265625000000
291.666992187500
292.068847656250
292.470703125000
292.876464843750
293.284179687500
293.695312500000
294.106445312500
294.516113281250
294.924804687500
295.336425781250
295.744140625000
296.150390625000
296.555175781250
296.958984375000
297.363769531250
297.767089843750
298.166503906250
298.565917968750
298.965332031250
299.360839843750
299.757324218750
300.150390625000
300.543945312500
300.936523437500
301.333496093750
301.728027343750
302.121582031250
302.513183593750
302.903808593750
303.293457031250
303.686035156250
304.080078125000
304.470703125000
304.860839843750
305.251953125000
305.642578125000
306.030761718750
306.420898437500
306.810058593750
307.197753906250
307.585449218750
307.974121093750
308.360839843750
308.748046875000
309.134765625000
309.522460937500
309.911132812500
310.297851562500
310.686523437500
311.080078125000
311.476074218750
311.870117187500
312.266601562500
312.663574218750
313.060058593750
313.455566406250
313.852050781250
314.245605468750
314.640625000000
315.034667968750
315.427734375000
315.814453125000
316.203125000000
316.594726562500
316.983886718750
317.371093750000
317.758789062500
318.147460937500
318.532226562500
318.916992187500
319.306640625000
319.697753906250
320.087402343750
320.476074218750
320.868652343750
321.260742187500
321.653808593750
322.046875000000
322.442382812500
322.837890625000
323.229980468750
323.623535156250
324.011230468750
324.398437500000
324.788574218750
325.174316406250
325.562500000000
325.947265625000
326.331542968750
326.720214843750
327.103515625000
327.493164062500
327.880371093750
328.266601562500
328.649902343750
329.030761718750
329.407226562500
329.783691406250
330.163574218750
330.544433593750
330.924316406250
331.302734375000
331.680664062500
332.059570312500
332.440917968750
332.825683593750
333.206054687500
333.588378906250
333.971191406250
334.353027343750
334.738769531250
335.124511718750
335.507812500000
335.891113281250
336.271972656250
336.656738281250
337.040527343750
337.423828125000
337.808105468750
338.189453125000
338.571289062500
338.947753906250
339.326171875000
339.702636718750
340.079589843750
340.453125000000
340.829101562500
341.201660156250
341.573730468750
341.946777343750
342.320312500000
342.692382812500
343.062500000000
343.435058593750
343.806152343750
344.178710937500
344.550781250000
344.920898437500
345.291992187500
345.665527343750
346.041503906250
346.414550781250
346.788085937500
347.158691406250
347.531738281250
347.905273437500
348.278808593750
348.648437500000
349.018066406250
349.389160156250
349.758300781250
350.127929687500
350.498535156250
350.867187500000
351.235351562500
351.603515625000
351.973632812500
352.341796875000
352.711425781250
353.079589843750
353.447265625000
353.818359375000
354.187988281250
354.559570312500
354.928222656250
355.292968750000
355.661621093750
356.031738281250
356.399902343750
356.766601562500
357.132324218750
357.496093750000
357.862304687500
358.227050781250
358.590820312500
358.954101562500
359.316894531250
359.676757812500
360.038574218750
360.399414062500
360.760253906250
361.120605468750
361.479980468750
361.841796875000
362.201171875000
362.562988281250
362.924316406250
363.286132812500
363.649902343750
364.014160156250
364.376464843750
364.740234375000
365.102539062500
365.467773437500
365.830078125000
366.197265625000
366.561035156250
366.928222656250
367.293457031250
367.662109375000
368.026367187500
368.394042968750
368.757812500000
369.125488281250
369.491699218750
369.861328125000
370.224609375000
370.586914062500
370.949218750000
371.313476562500
371.675292968750
372.035156250000
372.396484375000
372.756347656250
373.115722656250
373.476074218750
373.831542968750
374.188964843750
374.545410156250
374.899902343750
375.255371093750
375.610839843750
375.966308593750
376.321289062500
376.676269531250
377.029785156250
377.382324218750
377.736816406250
378.091308593750
378.446289062500
378.804199218750
379.156738281250
379.511718750000
379.868652343750
380.227539062500
380.585937500000
380.943359375000
381.299804687500
381.658203125000
382.017089843750
382.376464843750
382.735839843750
383.094238281250
383.452636718750
383.811035156250
384.168457031250
384.526367187500
384.883789062500
385.241210937500
385.594238281250
385.951171875000
386.306640625000
386.659179687500
387.014160156250
387.367187500000
387.720214843750
388.073242187500
388.423339843750
388.773925781250
389.126464843750
389.478515625000
389.828613281250
390.178222656250
390.529785156250
390.880371093750
391.229003906250
391.580078125000
391.932617187500
392.283691406250
392.634765625000
392.984375000000
393.337402343750
393.687988281250
394.039550781250
394.389648437500
394.737304687500
395.083984375000
395.433105468750
395.782226562500
396.130371093750
396.480468750000
396.828613281250
397.177734375000
397.528320312500
397.876953125000
398.227539062500
398.576171875000
398.925292968750
399.274902343750
399.625488281250
399.975097656250
400.323242187500
400.671875000000
401.021972656250
401.371093750000
401.721679687500
402.072753906250
402.422363281250
402.773437500000
403.125000000000
403.475585937500
403.826171875000
404.176757812500
404.523925781250
404.872558593750
405.220703125000
405.571289062500
405.917480468750
406.266113281250
406.611328125000
406.958984375000
407.306152343750
407.655273437500
408.001953125000
408.351074218750
408.696777343750
409.046386718750
409.394042968750
409.742187500000
410.093261718750
410.437500000000
410.788574218750
411.135742187500
411.488281250000
411.836914062500
412.183593750000
412.532226562500
412.882324218750
413.233398437500
413.583496093750
413.932128906250
414.282226562500
414.632812500000
414.983398437500
415.332031250000
415.682617187500
416.031738281250
416.381347656250
416.728027343750
417.077636718750
417.423828125000
417.771484375000
418.118652343750
418.463378906250
418.811035156250
419.155761718750
419.500000000000
419.845214843750
420.190429687500
420.538085937500
420.877929687500
421.219238281250
421.563964843750
421.907226562500
422.250000000000
422.593261718750
422.935546875000
423.280761718750
423.625488281250
423.969238281250
424.314941406250
424.662109375000
425.007324218750
425.352050781250
425.696777343750
426.040527343750
426.384765625000
426.729980468750
427.073242187500
427.416503906250
427.759277343750
428.104003906250
428.448242187500
428.791503906250
429.130859375000
429.471191406250
429.812988281250
430.153320312500
430.495605468750
430.835937500000
431.176757812500
431.517578125000
431.858886718750
432.198730468750
432.538085937500
432.873046875000
433.211425781250
433.549316406250
433.885742187500
434.220214843750
434.557128906250
434.892578125000
435.229003906250
435.564453125000
435.898437500000
436.234375000000
436.568359375000
436.901855468750
437.235839843750
437.568847656250
437.900390625000
438.235351562500
438.568847656250
438.901367187500
439.235839843750
439.566406250000
439.898925781250
440.233886718750
440.564453125000
440.897949218750
441.229492187500
441.562988281250
441.896972656250
442.229492187500
442.563476562500
442.896972656250
443.227050781250
443.555175781250
443.887695312500
444.218750000000
444.550292968750
444.881835937500
445.210449218750
445.541503906250
445.875488281250
446.205078125000
446.533203125000
446.862304687500
447.193359375000
447.521972656250
447.851562500000
448.181152343750
448.509765625000
448.840820312500
449.172851562500
449.502929687500
449.834472656250
450.163085937500
450.493164062500
450.824707031250
451.156250000000
451.486816406250
451.818359375000
452.146972656250
452.479003906250
452.811523437500
453.141113281250
453.471679687500
453.801269531250
454.131347656250
454.459960937500
454.789550781250
455.120605468750
455.447753906250
455.780273437500
456.104980468750
456.432128906250
456.762695312500
457.091796875000
457.419433593750
457.749511718750
458.077636718750
458.406738281250
458.736328125000
459.068847656250
459.396972656250
459.722656250000
460.049804687500
460.376953125000
460.705078125000
461.035156250000
461.362304687500
461.691406250000
462.020019531250
462.346679687500
462.673828125000
463.003417968750
463.330566406250
463.657714843750
463.984375000000
464.313476562500
464.641601562500
464.973632812500
465.302734375000
465.627441406250
465.956542968750
466.288085937500
466.616210937500
466.945800781250
467.272949218750
467.603515625000
467.936035156250
468.266601562500
468.595214843750
468.922363281250
469.251953125000
469.583496093750
469.915527343750
470.244140625000
470.576171875000
470.907714843750
471.238281250000
471.568847656250
471.899902343750
472.232421875000
472.564453125000
472.897949218750
473.227539062500
473.561035156250
473.896484375000
474.231445312500
474.565429687500
474.898437500000
475.229003906250
475.565429687500
475.898925781250
476.235351562500
476.570312500000
476.902343750000
477.236816406250
477.576171875000
477.908203125000
478.240234375000
478.570312500000
478.903808593750
479.234375000000
479.564941406250
479.897949218750
480.228027343750
480.561035156250
480.893066406250
481.225097656250
481.552246093750
481.882812500000
482.211425781250
482.539550781250
482.869628906250
483.198242187500
483.526855468750
483.854980468750
484.186035156250
484.513183593750
484.838378906250
485.165039062500
485.492187500000
485.822265625000
486.148437500000
486.476562500000
486.799804687500
487.124511718750
487.449218750000
487.774902343750
488.100097656250
488.424316406250
488.748535156250
489.072753906250
489.399902343750
489.725585937500
490.046875000000
490.367675781250
490.693359375000
491.018554687500
491.343261718750
491.666992187500
491.989746093750
492.312011718750
492.635253906250
492.958984375000
493.280273437500
493.604003906250
493.927246093750
494.248535156250
494.574707031250
494.898437500000
495.218750000000
495.538574218750
495.860351562500
496.182617187500
496.504394531250
496.824707031250
497.146484375000
497.468261718750
497.788085937500
498.107910156250
498.428710937500
498.749023437500
499.068847656250
499.390136718750
499.708496093750
500.028320312500
500.348632812500
500.668945312500
500.988281250000
501.308105468750
501.626953125000
501.946777343750
502.268066406250
502.588378906250
502.908691406250
503.227050781250
503.544921875000
503.862304687500
504.184570312500
504.502929687500
504.826660156250
505.142578125000
505.458496093750
505.779785156250
506.096679687500
506.418457031250
506.737304687500
507.057617187500
507.376953125000
507.694824218750
508.009765625000
508.330078125000
508.650390625000
508.970703125000
509.291503906250
509.611816406250
509.934570312500
510.250976562500
510.572265625000
510.893066406250
511.211914062500
511.533691406250
511.853027343750
512.175781250000
512.497558593750
512.819824218750
513.140136718750
513.456054687500
513.776855468750
514.097656250000
514.420898437500
514.740234375000
515.062500000000
515.382324218750
515.696777343750
516.016601562500
516.336425781250
516.655273437500
516.977050781250
517.295898437500
517.614746093750
517.935546875000
518.257324218750
518.575683593750
518.893066406250
519.212402343750
519.532226562500
519.850585937500
520.172851562500
520.492675781250
520.812011718750
521.127929687500
521.447753906250
521.768066406250
522.089355468750
522.408203125000
522.728515625000
523.045410156250
523.362792968750
523.682128906250
524
524.319824218750
524.636230468750
524.954101562500
525.277832031250
525.599121093750
525.916015625000
526.233398437500
526.550292968750
526.870117187500
527.188964843750
527.508789062500
527.826660156250
528.144042968750
528.462890625000
528.781738281250
529.102050781250
529.415527343750
529.734863281250
530.054199218750
530.375000000000
530.692382812500
531.007812500000
531.324707031250
531.643066406250
531.960937500000
532.277832031250
532.594726562500
532.909179687500
533.226562500000
533.544921875000
533.860351562500
534.178222656250
534.492675781250
534.808593750000
535.125976562500
535.446777343750
535.765136718750
536.077636718750
536.392089843750
536.709472656250
537.027832031250
537.343750000000
537.662109375000
537.976562500000
538.289062500000
538.604980468750
538.921386718750
539.235839843750
539.550781250000
539.865234375000
540.181640625000
540.499023437500
540.813476562500
541.126464843750
541.440429687500
541.754394531250
542.072265625000
542.387207031250
542.704101562500
543.017578125000
543.328613281250
543.644042968750
543.958984375000
544.272949218750
544.585937500000
544.899414062500
545.213378906250
545.529785156250
545.841796875000
546.154785156250
546.467773437500
546.782226562500
547.096191406250
547.413085937500
547.725097656250
548.034667968750
548.348144531250
548.663574218750
548.975585937500
549.287597656250
549.600097656250
549.912109375000
550.225097656250
550.538574218750
550.852539062500
551.165527343750
551.476562500000
551.790039062500
552.101562500000
552.413574218750
552.727050781250
553.040039062500
553.353515625000
553.666015625000
553.978027343750
554.290527343750
554.604492187500
554.918457031250
555.231445312500
555.546386718750
555.858398437500
556.170898437500
556.487792968750
556.803710937500
557.112792968750
557.425781250000
557.737304687500
558.053710937500
558.367187500000
558.682128906250
558.993164062500
559.304199218750
559.618652343750
559.931152343750
560.243164062500
560.555664062500
560.866699218750
561.180664062500
561.492675781250
561.805175781250
562.117187500000
562.429199218750
562.740234375000
563.054687500000
563.368652343750
563.679687500000
563.991210937500
564.299804687500
564.612304687500
564.927246093750
565.242675781250
565.555175781250
565.864257812500
566.173828125000
566.484863281250
566.798828125000
567.110839843750
567.423828125000
567.736328125000
568.045898437500
568.358398437500
568.667968750000
568.983398437500
569.296386718750
569.607910156250
569.920410156250
570.229003906250
570.539550781250
570.852050781250
571.165527343750
571.477539062500
571.789550781250
572.102539062500
572.413574218750
572.722167968750
573.034667968750
573.349121093750
573.661621093750
573.971191406250
574.282714843750
574.593261718750
574.905273437500
575.214843750000
575.529296875000
575.840332031250
576.151367187500
576.462402343750
576.772949218750
577.082519531250
577.392089843750
577.705078125000
578.016601562500
578.328125000000
578.640136718750
578.946289062500
579.258789062500
579.569824218750
579.883300781250
580.191406250000
580.502441406250
580.812500000000
581.120605468750
581.430175781250
581.741699218750
582.054687500000
582.364257812500
582.672363281250
582.983886718750
583.291015625000
583.600097656250
583.911621093750
584.222167968750
584.533691406250
584.843261718750
585.152832031250
585.460449218750
585.771484375000
586.081542968750
586.393066406250
586.704101562500
587.011718750000
587.323730468750
587.630859375000
587.938964843750
588.249511718750
588.562500000000
588.869140625000
589.179687500000
589.486328125000
589.797851562500
590.109375000000
590.420898437500
590.729003906250
591.039062500000
591.346679687500
591.655273437500
591.967285156250
592.276367187500
592.587402343750
592.896484375000
593.203125000000
593.510742187500
593.822265625000
594.133789062500
594.443847656250
594.749511718750
595.057128906250
595.367675781250
595.678710937500
595.984863281250
596.291503906250
596.600097656250
596.906738281250
597.217773437500
597.526367187500
597.834960937500
598.141601562500
598.448242187500
598.758300781250
599.070800781250
599.380859375000
599.687011718750
599.992187500000
600.299804687500
600.610351562500
600.917480468750
601.226562500000
601.532226562500
601.837402343750
602.146484375000
602.454101562500
602.765136718750
603.071289062500
603.379882812500
603.685546875000
603.991210937500
604.299804687500
604.607910156250
604.914550781250
605.221191406250
605.528808593750
605.834472656250
606.143066406250
606.453125000000
606.757812500000
607.064453125000
607.368164062500
607.678222656250
607.985839843750
608.292480468750
608.593750000000
608.899902343750
609.205566406250
609.515136718750
609.821289062500
610.126464843750
610.430175781250
610.734375000000
611.041015625000
611.350097656250
611.653808593750
611.959472656250
612.263183593750
612.564941406250
612.874023437500
613.178710937500
613.484375000000
613.789550781250
614.093261718750
614.398437500000
614.704589843750
615.013183593750
615.315917968750
615.622070312500
615.924316406250
616.231933593750
616.539550781250
616.845214843750
617.147949218750
617.452148437500
617.757324218750
618.063476562500
618.371093750000
618.676757812500
618.977539062500
619.282226562500
619.587402343750
619.896484375000
620.199707031250
620.507812500000
620.811035156250
621.112792968750
621.420898437500
621.724121093750
622.024902343750
622.328613281250
622.632812500000
622.938476562500
623.243652343750
623.547851562500
623.852539062500
624.155273437500
624.459472656250
624.766601562500
625.071777343750
625.375488281250
625.679199218750
625.983886718750
626.286132812500
626.592773437500
626.898437500000
627.201171875000
627.501953125000
627.804687500000
628.111328125000
628.416992187500
628.722167968750
629.023925781250
629.326171875000
629.631835937500
629.938476562500
630.242675781250
630.547851562500
630.849609375000
631.150878906250
631.456054687500
631.760253906250
632.063964843750
632.365234375000
632.671875000000
632.978027343750
633.281250000000
633.583496093750
633.884277343750
634.188476562500
634.494140625000
634.803710937500
635.103515625000
635.405761718750
635.710449218750
636.015136718750
636.320800781250
636.625000000000
636.925292968750
637.226562500000
637.530761718750
637.783203125000
638.131347656250
638.442871093750
638.743164062500
639.046875000000
639.352539062500
639.655273437500
639.958984375000
640.260742187500
640.563476562500
640.863281250000
641.167968750000
641.473144531250
641.773925781250
642.077148437500
642.378417968750
642.686523437500
642.990722656250
643.291015625000
643.589843750000
643.893554687500
644.198730468750
644.500488281250
644.801269531250
645.102050781250
645.399902343750
645.702636718750
646.007812500000
646.309570312500